nLocation = 25;
AreaWidth = 10;
Horizen = 1440;
MaxAirTime = 60;
ChargingTime = 5;
VehicleLocation =  [1 2 3 4 5 6 7 8 9 10 11 12 13 14 15 16 17 18 19 20 21 22 23 24 25 0 0 0 0
     0 0 0 0 0 0 0 0 0 0 0 0 0 0 0 0 0 0 0 0 0];
InitialMissionCompleteTime =  [14 12 42 19 33 36 19 21 17 31 22 21 6 45 40 40 32 6 34 28 34 42 44 31 31];
Tasks =  {<"on" 1 1 7 3 0 14>
     <"charge" 1 100 7 3 17 22>
     <"on" 1 2 7 3 14 68>
     <"charge" 1 200 7 3 71 76>
     <"on" 1 3 7 3 68 122>
     <"charge" 1 300 7 3 125 130>
     <"on" 1 4 7 3 122 176>
     <"charge" 1 400 7 3 179 184>
     <"on" 1 5 7 3 176 230>
     <"charge" 1 500 7 3 233 238>
     <"on" 1 6 7 3 230 284>
     <"charge" 1 600 7 3 287 292>
     <"on" 1 7 7 3 284 338>
     <"charge" 1 700 7 3 341 346>
     <"on" 1 8 7 3 338 392>
     <"charge" 1 800 7 3 395 400>
     <"on" 1 9 7 3 392 446>
     <"charge" 1 900 7 3 449 454>
     <"on" 1 10 7 3 446 500>
     <"charge" 1 1000 7 3 503 508>
     <"on" 1 11 7 3 500 554>
     <"charge" 1 1100 7 3 557 562>
     <"on" 1 12 7 3 554 608>
     <"charge" 1 1200 7 3 611 616>
     <"on" 1 13 7 3 608 662>
     <"charge" 1 1300 7 3 665 670>
     <"on" 1 14 7 3 662 716>
     <"charge" 1 1400 7 3 719 724>
     <"on" 1 15 7 3 716 770>
     <"charge" 1 1500 7 3 773 778>
     <"on" 1 16 7 3 770 824>
     <"charge" 1 1600 7 3 827 832>
     <"on" 1 17 7 3 824 878>
     <"charge" 1 1700 7 3 881 886>
     <"on" 1 18 7 3 878 932>
     <"charge" 1 1800 7 3 935 940>
     <"on" 1 19 7 3 932 986>
     <"charge" 1 1900 7 3 989 994>
     <"on" 1 20 7 3 986 1040>
     <"charge" 1 2000 7 3 1043 1048>
     <"on" 1 21 7 3 1040 1094>
     <"charge" 1 2100 7 3 1097 1102>
     <"on" 1 22 7 3 1094 1148>
     <"charge" 1 2200 7 3 1151 1156>
     <"on" 1 23 7 3 1148 1202>
     <"charge" 1 2300 7 3 1205 1210>
     <"on" 1 24 7 3 1202 1256>
     <"charge" 1 2400 7 3 1259 1264>
     <"on" 1 25 7 3 1256 1310>
     <"charge" 1 2500 7 3 1313 1318>
     <"on" 1 26 7 3 1310 1364>
     <"charge" 1 2600 7 3 1367 1372>
     <"on" 1 27 7 3 1364 1418>
     <"charge" 1 2700 7 3 1421 1426>
     <"on" 1 28 7 3 1418 1440>
     <"on" 2 1 4 9 0 12>
     <"charge" 2 100 4 9 16 21>
     <"on" 2 2 4 9 12 64>
     <"charge" 2 200 4 9 68 73>
     <"on" 2 3 4 9 64 116>
     <"charge" 2 300 4 9 120 125>
     <"on" 2 4 4 9 116 168>
     <"charge" 2 400 4 9 172 177>
     <"on" 2 5 4 9 168 220>
     <"charge" 2 500 4 9 224 229>
     <"on" 2 6 4 9 220 272>
     <"charge" 2 600 4 9 276 281>
     <"on" 2 7 4 9 272 324>
     <"charge" 2 700 4 9 328 333>
     <"on" 2 8 4 9 324 376>
     <"charge" 2 800 4 9 380 385>
     <"on" 2 9 4 9 376 428>
     <"charge" 2 900 4 9 432 437>
     <"on" 2 10 4 9 428 480>
     <"charge" 2 1000 4 9 484 489>
     <"on" 2 11 4 9 480 532>
     <"charge" 2 1100 4 9 536 541>
     <"on" 2 12 4 9 532 584>
     <"charge" 2 1200 4 9 588 593>
     <"on" 2 13 4 9 584 636>
     <"charge" 2 1300 4 9 640 645>
     <"on" 2 14 4 9 636 688>
     <"charge" 2 1400 4 9 692 697>
     <"on" 2 15 4 9 688 740>
     <"charge" 2 1500 4 9 744 749>
     <"on" 2 16 4 9 740 792>
     <"charge" 2 1600 4 9 796 801>
     <"on" 2 17 4 9 792 844>
     <"charge" 2 1700 4 9 848 853>
     <"on" 2 18 4 9 844 896>
     <"charge" 2 1800 4 9 900 905>
     <"on" 2 19 4 9 896 948>
     <"charge" 2 1900 4 9 952 957>
     <"on" 2 20 4 9 948 1000>
     <"charge" 2 2000 4 9 1004 1009>
     <"on" 2 21 4 9 1000 1052>
     <"charge" 2 2100 4 9 1056 1061>
     <"on" 2 22 4 9 1052 1104>
     <"charge" 2 2200 4 9 1108 1113>
     <"on" 2 23 4 9 1104 1156>
     <"charge" 2 2300 4 9 1160 1165>
     <"on" 2 24 4 9 1156 1208>
     <"charge" 2 2400 4 9 1212 1217>
     <"on" 2 25 4 9 1208 1260>
     <"charge" 2 2500 4 9 1264 1269>
     <"on" 2 26 4 9 1260 1312>
     <"charge" 2 2600 4 9 1316 1321>
     <"on" 2 27 4 9 1312 1364>
     <"charge" 2 2700 4 9 1368 1373>
     <"on" 2 28 4 9 1364 1416>
     <"charge" 2 2800 4 9 1420 1425>
     <"on" 2 29 4 9 1416 1440>
     <"on" 3 1 1 5 0 42>
     <"charge" 3 100 1 5 46 51>
     <"on" 3 2 1 5 42 94>
     <"charge" 3 200 1 5 98 103>
     <"on" 3 3 1 5 94 146>
     <"charge" 3 300 1 5 150 155>
     <"on" 3 4 1 5 146 198>
     <"charge" 3 400 1 5 202 207>
     <"on" 3 5 1 5 198 250>
     <"charge" 3 500 1 5 254 259>
     <"on" 3 6 1 5 250 302>
     <"charge" 3 600 1 5 306 311>
     <"on" 3 7 1 5 302 354>
     <"charge" 3 700 1 5 358 363>
     <"on" 3 8 1 5 354 406>
     <"charge" 3 800 1 5 410 415>
     <"on" 3 9 1 5 406 458>
     <"charge" 3 900 1 5 462 467>
     <"on" 3 10 1 5 458 510>
     <"charge" 3 1000 1 5 514 519>
     <"on" 3 11 1 5 510 562>
     <"charge" 3 1100 1 5 566 571>
     <"on" 3 12 1 5 562 614>
     <"charge" 3 1200 1 5 618 623>
     <"on" 3 13 1 5 614 666>
     <"charge" 3 1300 1 5 670 675>
     <"on" 3 14 1 5 666 718>
     <"charge" 3 1400 1 5 722 727>
     <"on" 3 15 1 5 718 770>
     <"charge" 3 1500 1 5 774 779>
     <"on" 3 16 1 5 770 822>
     <"charge" 3 1600 1 5 826 831>
     <"on" 3 17 1 5 822 874>
     <"charge" 3 1700 1 5 878 883>
     <"on" 3 18 1 5 874 926>
     <"charge" 3 1800 1 5 930 935>
     <"on" 3 19 1 5 926 978>
     <"charge" 3 1900 1 5 982 987>
     <"on" 3 20 1 5 978 1030>
     <"charge" 3 2000 1 5 1034 1039>
     <"on" 3 21 1 5 1030 1082>
     <"charge" 3 2100 1 5 1086 1091>
     <"on" 3 22 1 5 1082 1134>
     <"charge" 3 2200 1 5 1138 1143>
     <"on" 3 23 1 5 1134 1186>
     <"charge" 3 2300 1 5 1190 1195>
     <"on" 3 24 1 5 1186 1238>
     <"charge" 3 2400 1 5 1242 1247>
     <"on" 3 25 1 5 1238 1290>
     <"charge" 3 2500 1 5 1294 1299>
     <"on" 3 26 1 5 1290 1342>
     <"charge" 3 2600 1 5 1346 1351>
     <"on" 3 27 1 5 1342 1394>
     <"charge" 3 2700 1 5 1398 1403>
     <"on" 3 28 1 5 1394 1440>
     <"on" 4 1 2 8 0 19>
     <"charge" 4 100 2 8 23 28>
     <"on" 4 2 2 8 19 71>
     <"charge" 4 200 2 8 75 80>
     <"on" 4 3 2 8 71 123>
     <"charge" 4 300 2 8 127 132>
     <"on" 4 4 2 8 123 175>
     <"charge" 4 400 2 8 179 184>
     <"on" 4 5 2 8 175 227>
     <"charge" 4 500 2 8 231 236>
     <"on" 4 6 2 8 227 279>
     <"charge" 4 600 2 8 283 288>
     <"on" 4 7 2 8 279 331>
     <"charge" 4 700 2 8 335 340>
     <"on" 4 8 2 8 331 383>
     <"charge" 4 800 2 8 387 392>
     <"on" 4 9 2 8 383 435>
     <"charge" 4 900 2 8 439 444>
     <"on" 4 10 2 8 435 487>
     <"charge" 4 1000 2 8 491 496>
     <"on" 4 11 2 8 487 539>
     <"charge" 4 1100 2 8 543 548>
     <"on" 4 12 2 8 539 591>
     <"charge" 4 1200 2 8 595 600>
     <"on" 4 13 2 8 591 643>
     <"charge" 4 1300 2 8 647 652>
     <"on" 4 14 2 8 643 695>
     <"charge" 4 1400 2 8 699 704>
     <"on" 4 15 2 8 695 747>
     <"charge" 4 1500 2 8 751 756>
     <"on" 4 16 2 8 747 799>
     <"charge" 4 1600 2 8 803 808>
     <"on" 4 17 2 8 799 851>
     <"charge" 4 1700 2 8 855 860>
     <"on" 4 18 2 8 851 903>
     <"charge" 4 1800 2 8 907 912>
     <"on" 4 19 2 8 903 955>
     <"charge" 4 1900 2 8 959 964>
     <"on" 4 20 2 8 955 1007>
     <"charge" 4 2000 2 8 1011 1016>
     <"on" 4 21 2 8 1007 1059>
     <"charge" 4 2100 2 8 1063 1068>
     <"on" 4 22 2 8 1059 1111>
     <"charge" 4 2200 2 8 1115 1120>
     <"on" 4 23 2 8 1111 1163>
     <"charge" 4 2300 2 8 1167 1172>
     <"on" 4 24 2 8 1163 1215>
     <"charge" 4 2400 2 8 1219 1224>
     <"on" 4 25 2 8 1215 1267>
     <"charge" 4 2500 2 8 1271 1276>
     <"on" 4 26 2 8 1267 1319>
     <"charge" 4 2600 2 8 1323 1328>
     <"on" 4 27 2 8 1319 1371>
     <"charge" 4 2700 2 8 1375 1380>
     <"on" 4 28 2 8 1371 1423>
     <"charge" 4 2800 2 8 1427 1432>
     <"on" 4 29 2 8 1423 1440>
     <"on" 5 1 3 5 0 33>
     <"charge" 5 100 3 5 35 40>
     <"on" 5 2 3 5 33 89>
     <"charge" 5 200 3 5 91 96>
     <"on" 5 3 3 5 89 145>
     <"charge" 5 300 3 5 147 152>
     <"on" 5 4 3 5 145 201>
     <"charge" 5 400 3 5 203 208>
     <"on" 5 5 3 5 201 257>
     <"charge" 5 500 3 5 259 264>
     <"on" 5 6 3 5 257 313>
     <"charge" 5 600 3 5 315 320>
     <"on" 5 7 3 5 313 369>
     <"charge" 5 700 3 5 371 376>
     <"on" 5 8 3 5 369 425>
     <"charge" 5 800 3 5 427 432>
     <"on" 5 9 3 5 425 481>
     <"charge" 5 900 3 5 483 488>
     <"on" 5 10 3 5 481 537>
     <"charge" 5 1000 3 5 539 544>
     <"on" 5 11 3 5 537 593>
     <"charge" 5 1100 3 5 595 600>
     <"on" 5 12 3 5 593 649>
     <"charge" 5 1200 3 5 651 656>
     <"on" 5 13 3 5 649 705>
     <"charge" 5 1300 3 5 707 712>
     <"on" 5 14 3 5 705 761>
     <"charge" 5 1400 3 5 763 768>
     <"on" 5 15 3 5 761 817>
     <"charge" 5 1500 3 5 819 824>
     <"on" 5 16 3 5 817 873>
     <"charge" 5 1600 3 5 875 880>
     <"on" 5 17 3 5 873 929>
     <"charge" 5 1700 3 5 931 936>
     <"on" 5 18 3 5 929 985>
     <"charge" 5 1800 3 5 987 992>
     <"on" 5 19 3 5 985 1041>
     <"charge" 5 1900 3 5 1043 1048>
     <"on" 5 20 3 5 1041 1097>
     <"charge" 5 2000 3 5 1099 1104>
     <"on" 5 21 3 5 1097 1153>
     <"charge" 5 2100 3 5 1155 1160>
     <"on" 5 22 3 5 1153 1209>
     <"charge" 5 2200 3 5 1211 1216>
     <"on" 5 23 3 5 1209 1265>
     <"charge" 5 2300 3 5 1267 1272>
     <"on" 5 24 3 5 1265 1321>
     <"charge" 5 2400 3 5 1323 1328>
     <"on" 5 25 3 5 1321 1377>
     <"charge" 5 2500 3 5 1379 1384>
     <"on" 5 26 3 5 1377 1433>
     <"charge" 5 2600 3 5 1435 1440>
     <"on" 5 27 3 5 1433 1440>
     <"on" 6 1 9 5 0 36>
     <"charge" 6 100 9 5 40 45>
     <"on" 6 2 9 5 36 88>
     <"charge" 6 200 9 5 92 97>
     <"on" 6 3 9 5 88 140>
     <"charge" 6 300 9 5 144 149>
     <"on" 6 4 9 5 140 192>
     <"charge" 6 400 9 5 196 201>
     <"on" 6 5 9 5 192 244>
     <"charge" 6 500 9 5 248 253>
     <"on" 6 6 9 5 244 296>
     <"charge" 6 600 9 5 300 305>
     <"on" 6 7 9 5 296 348>
     <"charge" 6 700 9 5 352 357>
     <"on" 6 8 9 5 348 400>
     <"charge" 6 800 9 5 404 409>
     <"on" 6 9 9 5 400 452>
     <"charge" 6 900 9 5 456 461>
     <"on" 6 10 9 5 452 504>
     <"charge" 6 1000 9 5 508 513>
     <"on" 6 11 9 5 504 556>
     <"charge" 6 1100 9 5 560 565>
     <"on" 6 12 9 5 556 608>
     <"charge" 6 1200 9 5 612 617>
     <"on" 6 13 9 5 608 660>
     <"charge" 6 1300 9 5 664 669>
     <"on" 6 14 9 5 660 712>
     <"charge" 6 1400 9 5 716 721>
     <"on" 6 15 9 5 712 764>
     <"charge" 6 1500 9 5 768 773>
     <"on" 6 16 9 5 764 816>
     <"charge" 6 1600 9 5 820 825>
     <"on" 6 17 9 5 816 868>
     <"charge" 6 1700 9 5 872 877>
     <"on" 6 18 9 5 868 920>
     <"charge" 6 1800 9 5 924 929>
     <"on" 6 19 9 5 920 972>
     <"charge" 6 1900 9 5 976 981>
     <"on" 6 20 9 5 972 1024>
     <"charge" 6 2000 9 5 1028 1033>
     <"on" 6 21 9 5 1024 1076>
     <"charge" 6 2100 9 5 1080 1085>
     <"on" 6 22 9 5 1076 1128>
     <"charge" 6 2200 9 5 1132 1137>
     <"on" 6 23 9 5 1128 1180>
     <"charge" 6 2300 9 5 1184 1189>
     <"on" 6 24 9 5 1180 1232>
     <"charge" 6 2400 9 5 1236 1241>
     <"on" 6 25 9 5 1232 1284>
     <"charge" 6 2500 9 5 1288 1293>
     <"on" 6 26 9 5 1284 1336>
     <"charge" 6 2600 9 5 1340 1345>
     <"on" 6 27 9 5 1336 1388>
     <"charge" 6 2700 9 5 1392 1397>
     <"on" 6 28 9 5 1388 1440>
     <"on" 7 1 6 2 0 19>
     <"charge" 7 100 6 2 22 27>
     <"on" 7 2 6 2 19 73>
     <"charge" 7 200 6 2 76 81>
     <"on" 7 3 6 2 73 127>
     <"charge" 7 300 6 2 130 135>
     <"on" 7 4 6 2 127 181>
     <"charge" 7 400 6 2 184 189>
     <"on" 7 5 6 2 181 235>
     <"charge" 7 500 6 2 238 243>
     <"on" 7 6 6 2 235 289>
     <"charge" 7 600 6 2 292 297>
     <"on" 7 7 6 2 289 343>
     <"charge" 7 700 6 2 346 351>
     <"on" 7 8 6 2 343 397>
     <"charge" 7 800 6 2 400 405>
     <"on" 7 9 6 2 397 451>
     <"charge" 7 900 6 2 454 459>
     <"on" 7 10 6 2 451 505>
     <"charge" 7 1000 6 2 508 513>
     <"on" 7 11 6 2 505 559>
     <"charge" 7 1100 6 2 562 567>
     <"on" 7 12 6 2 559 613>
     <"charge" 7 1200 6 2 616 621>
     <"on" 7 13 6 2 613 667>
     <"charge" 7 1300 6 2 670 675>
     <"on" 7 14 6 2 667 721>
     <"charge" 7 1400 6 2 724 729>
     <"on" 7 15 6 2 721 775>
     <"charge" 7 1500 6 2 778 783>
     <"on" 7 16 6 2 775 829>
     <"charge" 7 1600 6 2 832 837>
     <"on" 7 17 6 2 829 883>
     <"charge" 7 1700 6 2 886 891>
     <"on" 7 18 6 2 883 937>
     <"charge" 7 1800 6 2 940 945>
     <"on" 7 19 6 2 937 991>
     <"charge" 7 1900 6 2 994 999>
     <"on" 7 20 6 2 991 1045>
     <"charge" 7 2000 6 2 1048 1053>
     <"on" 7 21 6 2 1045 1099>
     <"charge" 7 2100 6 2 1102 1107>
     <"on" 7 22 6 2 1099 1153>
     <"charge" 7 2200 6 2 1156 1161>
     <"on" 7 23 6 2 1153 1207>
     <"charge" 7 2300 6 2 1210 1215>
     <"on" 7 24 6 2 1207 1261>
     <"charge" 7 2400 6 2 1264 1269>
     <"on" 7 25 6 2 1261 1315>
     <"charge" 7 2500 6 2 1318 1323>
     <"on" 7 26 6 2 1315 1369>
     <"charge" 7 2600 6 2 1372 1377>
     <"on" 7 27 6 2 1369 1423>
     <"charge" 7 2700 6 2 1426 1431>
     <"on" 7 28 6 2 1423 1440>
     <"on" 8 1 0 9 0 21>
     <"charge" 8 100 0 9 27 32>
     <"on" 8 2 0 9 21 69>
     <"charge" 8 200 0 9 75 80>
     <"on" 8 3 0 9 69 117>
     <"charge" 8 300 0 9 123 128>
     <"on" 8 4 0 9 117 165>
     <"charge" 8 400 0 9 171 176>
     <"on" 8 5 0 9 165 213>
     <"charge" 8 500 0 9 219 224>
     <"on" 8 6 0 9 213 261>
     <"charge" 8 600 0 9 267 272>
     <"on" 8 7 0 9 261 309>
     <"charge" 8 700 0 9 315 320>
     <"on" 8 8 0 9 309 357>
     <"charge" 8 800 0 9 363 368>
     <"on" 8 9 0 9 357 405>
     <"charge" 8 900 0 9 411 416>
     <"on" 8 10 0 9 405 453>
     <"charge" 8 1000 0 9 459 464>
     <"on" 8 11 0 9 453 501>
     <"charge" 8 1100 0 9 507 512>
     <"on" 8 12 0 9 501 549>
     <"charge" 8 1200 0 9 555 560>
     <"on" 8 13 0 9 549 597>
     <"charge" 8 1300 0 9 603 608>
     <"on" 8 14 0 9 597 645>
     <"charge" 8 1400 0 9 651 656>
     <"on" 8 15 0 9 645 693>
     <"charge" 8 1500 0 9 699 704>
     <"on" 8 16 0 9 693 741>
     <"charge" 8 1600 0 9 747 752>
     <"on" 8 17 0 9 741 789>
     <"charge" 8 1700 0 9 795 800>
     <"on" 8 18 0 9 789 837>
     <"charge" 8 1800 0 9 843 848>
     <"on" 8 19 0 9 837 885>
     <"charge" 8 1900 0 9 891 896>
     <"on" 8 20 0 9 885 933>
     <"charge" 8 2000 0 9 939 944>
     <"on" 8 21 0 9 933 981>
     <"charge" 8 2100 0 9 987 992>
     <"on" 8 22 0 9 981 1029>
     <"charge" 8 2200 0 9 1035 1040>
     <"on" 8 23 0 9 1029 1077>
     <"charge" 8 2300 0 9 1083 1088>
     <"on" 8 24 0 9 1077 1125>
     <"charge" 8 2400 0 9 1131 1136>
     <"on" 8 25 0 9 1125 1173>
     <"charge" 8 2500 0 9 1179 1184>
     <"on" 8 26 0 9 1173 1221>
     <"charge" 8 2600 0 9 1227 1232>
     <"on" 8 27 0 9 1221 1269>
     <"charge" 8 2700 0 9 1275 1280>
     <"on" 8 28 0 9 1269 1317>
     <"charge" 8 2800 0 9 1323 1328>
     <"on" 8 29 0 9 1317 1365>
     <"charge" 8 2900 0 9 1371 1376>
     <"on" 8 30 0 9 1365 1413>
     <"charge" 8 3000 0 9 1419 1424>
     <"on" 8 31 0 9 1413 1440>
     <"on" 9 1 8 6 0 17>
     <"charge" 9 100 8 6 20 25>
     <"on" 9 2 8 6 17 71>
     <"charge" 9 200 8 6 74 79>
     <"on" 9 3 8 6 71 125>
     <"charge" 9 300 8 6 128 133>
     <"on" 9 4 8 6 125 179>
     <"charge" 9 400 8 6 182 187>
     <"on" 9 5 8 6 179 233>
     <"charge" 9 500 8 6 236 241>
     <"on" 9 6 8 6 233 287>
     <"charge" 9 600 8 6 290 295>
     <"on" 9 7 8 6 287 341>
     <"charge" 9 700 8 6 344 349>
     <"on" 9 8 8 6 341 395>
     <"charge" 9 800 8 6 398 403>
     <"on" 9 9 8 6 395 449>
     <"charge" 9 900 8 6 452 457>
     <"on" 9 10 8 6 449 503>
     <"charge" 9 1000 8 6 506 511>
     <"on" 9 11 8 6 503 557>
     <"charge" 9 1100 8 6 560 565>
     <"on" 9 12 8 6 557 611>
     <"charge" 9 1200 8 6 614 619>
     <"on" 9 13 8 6 611 665>
     <"charge" 9 1300 8 6 668 673>
     <"on" 9 14 8 6 665 719>
     <"charge" 9 1400 8 6 722 727>
     <"on" 9 15 8 6 719 773>
     <"charge" 9 1500 8 6 776 781>
     <"on" 9 16 8 6 773 827>
     <"charge" 9 1600 8 6 830 835>
     <"on" 9 17 8 6 827 881>
     <"charge" 9 1700 8 6 884 889>
     <"on" 9 18 8 6 881 935>
     <"charge" 9 1800 8 6 938 943>
     <"on" 9 19 8 6 935 989>
     <"charge" 9 1900 8 6 992 997>
     <"on" 9 20 8 6 989 1043>
     <"charge" 9 2000 8 6 1046 1051>
     <"on" 9 21 8 6 1043 1097>
     <"charge" 9 2100 8 6 1100 1105>
     <"on" 9 22 8 6 1097 1151>
     <"charge" 9 2200 8 6 1154 1159>
     <"on" 9 23 8 6 1151 1205>
     <"charge" 9 2300 8 6 1208 1213>
     <"on" 9 24 8 6 1205 1259>
     <"charge" 9 2400 8 6 1262 1267>
     <"on" 9 25 8 6 1259 1313>
     <"charge" 9 2500 8 6 1316 1321>
     <"on" 9 26 8 6 1313 1367>
     <"charge" 9 2600 8 6 1370 1375>
     <"on" 9 27 8 6 1367 1421>
     <"charge" 9 2700 8 6 1424 1429>
     <"on" 9 28 8 6 1421 1440>
     <"on" 10 1 2 3 0 31>
     <"charge" 10 100 2 3 35 40>
     <"on" 10 2 2 3 31 83>
     <"charge" 10 200 2 3 87 92>
     <"on" 10 3 2 3 83 135>
     <"charge" 10 300 2 3 139 144>
     <"on" 10 4 2 3 135 187>
     <"charge" 10 400 2 3 191 196>
     <"on" 10 5 2 3 187 239>
     <"charge" 10 500 2 3 243 248>
     <"on" 10 6 2 3 239 291>
     <"charge" 10 600 2 3 295 300>
     <"on" 10 7 2 3 291 343>
     <"charge" 10 700 2 3 347 352>
     <"on" 10 8 2 3 343 395>
     <"charge" 10 800 2 3 399 404>
     <"on" 10 9 2 3 395 447>
     <"charge" 10 900 2 3 451 456>
     <"on" 10 10 2 3 447 499>
     <"charge" 10 1000 2 3 503 508>
     <"on" 10 11 2 3 499 551>
     <"charge" 10 1100 2 3 555 560>
     <"on" 10 12 2 3 551 603>
     <"charge" 10 1200 2 3 607 612>
     <"on" 10 13 2 3 603 655>
     <"charge" 10 1300 2 3 659 664>
     <"on" 10 14 2 3 655 707>
     <"charge" 10 1400 2 3 711 716>
     <"on" 10 15 2 3 707 759>
     <"charge" 10 1500 2 3 763 768>
     <"on" 10 16 2 3 759 811>
     <"charge" 10 1600 2 3 815 820>
     <"on" 10 17 2 3 811 863>
     <"charge" 10 1700 2 3 867 872>
     <"on" 10 18 2 3 863 915>
     <"charge" 10 1800 2 3 919 924>
     <"on" 10 19 2 3 915 967>
     <"charge" 10 1900 2 3 971 976>
     <"on" 10 20 2 3 967 1019>
     <"charge" 10 2000 2 3 1023 1028>
     <"on" 10 21 2 3 1019 1071>
     <"charge" 10 2100 2 3 1075 1080>
     <"on" 10 22 2 3 1071 1123>
     <"charge" 10 2200 2 3 1127 1132>
     <"on" 10 23 2 3 1123 1175>
     <"charge" 10 2300 2 3 1179 1184>
     <"on" 10 24 2 3 1175 1227>
     <"charge" 10 2400 2 3 1231 1236>
     <"on" 10 25 2 3 1227 1279>
     <"charge" 10 2500 2 3 1283 1288>
     <"on" 10 26 2 3 1279 1331>
     <"charge" 10 2600 2 3 1335 1340>
     <"on" 10 27 2 3 1331 1383>
     <"charge" 10 2700 2 3 1387 1392>
     <"on" 10 28 2 3 1383 1435>
     <"charge" 10 2800 2 3 1439 1440>
     <"on" 10 29 2 3 1435 1440>
     <"on" 11 1 3 5 0 22>
     <"charge" 11 100 3 5 24 29>
     <"on" 11 2 3 5 22 78>
     <"charge" 11 200 3 5 80 85>
     <"on" 11 3 3 5 78 134>
     <"charge" 11 300 3 5 136 141>
     <"on" 11 4 3 5 134 190>
     <"charge" 11 400 3 5 192 197>
     <"on" 11 5 3 5 190 246>
     <"charge" 11 500 3 5 248 253>
     <"on" 11 6 3 5 246 302>
     <"charge" 11 600 3 5 304 309>
     <"on" 11 7 3 5 302 358>
     <"charge" 11 700 3 5 360 365>
     <"on" 11 8 3 5 358 414>
     <"charge" 11 800 3 5 416 421>
     <"on" 11 9 3 5 414 470>
     <"charge" 11 900 3 5 472 477>
     <"on" 11 10 3 5 470 526>
     <"charge" 11 1000 3 5 528 533>
     <"on" 11 11 3 5 526 582>
     <"charge" 11 1100 3 5 584 589>
     <"on" 11 12 3 5 582 638>
     <"charge" 11 1200 3 5 640 645>
     <"on" 11 13 3 5 638 694>
     <"charge" 11 1300 3 5 696 701>
     <"on" 11 14 3 5 694 750>
     <"charge" 11 1400 3 5 752 757>
     <"on" 11 15 3 5 750 806>
     <"charge" 11 1500 3 5 808 813>
     <"on" 11 16 3 5 806 862>
     <"charge" 11 1600 3 5 864 869>
     <"on" 11 17 3 5 862 918>
     <"charge" 11 1700 3 5 920 925>
     <"on" 11 18 3 5 918 974>
     <"charge" 11 1800 3 5 976 981>
     <"on" 11 19 3 5 974 1030>
     <"charge" 11 1900 3 5 1032 1037>
     <"on" 11 20 3 5 1030 1086>
     <"charge" 11 2000 3 5 1088 1093>
     <"on" 11 21 3 5 1086 1142>
     <"charge" 11 2100 3 5 1144 1149>
     <"on" 11 22 3 5 1142 1198>
     <"charge" 11 2200 3 5 1200 1205>
     <"on" 11 23 3 5 1198 1254>
     <"charge" 11 2300 3 5 1256 1261>
     <"on" 11 24 3 5 1254 1310>
     <"charge" 11 2400 3 5 1312 1317>
     <"on" 11 25 3 5 1310 1366>
     <"charge" 11 2500 3 5 1368 1373>
     <"on" 11 26 3 5 1366 1422>
     <"charge" 11 2600 3 5 1424 1429>
     <"on" 11 27 3 5 1422 1440>
     <"on" 12 1 0 6 0 21>
     <"charge" 12 100 0 6 26 31>
     <"on" 12 2 0 6 21 71>
     <"charge" 12 200 0 6 76 81>
     <"on" 12 3 0 6 71 121>
     <"charge" 12 300 0 6 126 131>
     <"on" 12 4 0 6 121 171>
     <"charge" 12 400 0 6 176 181>
     <"on" 12 5 0 6 171 221>
     <"charge" 12 500 0 6 226 231>
     <"on" 12 6 0 6 221 271>
     <"charge" 12 600 0 6 276 281>
     <"on" 12 7 0 6 271 321>
     <"charge" 12 700 0 6 326 331>
     <"on" 12 8 0 6 321 371>
     <"charge" 12 800 0 6 376 381>
     <"on" 12 9 0 6 371 421>
     <"charge" 12 900 0 6 426 431>
     <"on" 12 10 0 6 421 471>
     <"charge" 12 1000 0 6 476 481>
     <"on" 12 11 0 6 471 521>
     <"charge" 12 1100 0 6 526 531>
     <"on" 12 12 0 6 521 571>
     <"charge" 12 1200 0 6 576 581>
     <"on" 12 13 0 6 571 621>
     <"charge" 12 1300 0 6 626 631>
     <"on" 12 14 0 6 621 671>
     <"charge" 12 1400 0 6 676 681>
     <"on" 12 15 0 6 671 721>
     <"charge" 12 1500 0 6 726 731>
     <"on" 12 16 0 6 721 771>
     <"charge" 12 1600 0 6 776 781>
     <"on" 12 17 0 6 771 821>
     <"charge" 12 1700 0 6 826 831>
     <"on" 12 18 0 6 821 871>
     <"charge" 12 1800 0 6 876 881>
     <"on" 12 19 0 6 871 921>
     <"charge" 12 1900 0 6 926 931>
     <"on" 12 20 0 6 921 971>
     <"charge" 12 2000 0 6 976 981>
     <"on" 12 21 0 6 971 1021>
     <"charge" 12 2100 0 6 1026 1031>
     <"on" 12 22 0 6 1021 1071>
     <"charge" 12 2200 0 6 1076 1081>
     <"on" 12 23 0 6 1071 1121>
     <"charge" 12 2300 0 6 1126 1131>
     <"on" 12 24 0 6 1121 1171>
     <"charge" 12 2400 0 6 1176 1181>
     <"on" 12 25 0 6 1171 1221>
     <"charge" 12 2500 0 6 1226 1231>
     <"on" 12 26 0 6 1221 1271>
     <"charge" 12 2600 0 6 1276 1281>
     <"on" 12 27 0 6 1271 1321>
     <"charge" 12 2700 0 6 1326 1331>
     <"on" 12 28 0 6 1321 1371>
     <"charge" 12 2800 0 6 1376 1381>
     <"on" 12 29 0 6 1371 1421>
     <"charge" 12 2900 0 6 1426 1431>
     <"on" 12 30 0 6 1421 1440>
     <"on" 13 1 6 4 0 6>
     <"charge" 13 100 6 4 7 12>
     <"on" 13 2 6 4 6 64>
     <"charge" 13 200 6 4 65 70>
     <"on" 13 3 6 4 64 122>
     <"charge" 13 300 6 4 123 128>
     <"on" 13 4 6 4 122 180>
     <"charge" 13 400 6 4 181 186>
     <"on" 13 5 6 4 180 238>
     <"charge" 13 500 6 4 239 244>
     <"on" 13 6 6 4 238 296>
     <"charge" 13 600 6 4 297 302>
     <"on" 13 7 6 4 296 354>
     <"charge" 13 700 6 4 355 360>
     <"on" 13 8 6 4 354 412>
     <"charge" 13 800 6 4 413 418>
     <"on" 13 9 6 4 412 470>
     <"charge" 13 900 6 4 471 476>
     <"on" 13 10 6 4 470 528>
     <"charge" 13 1000 6 4 529 534>
     <"on" 13 11 6 4 528 586>
     <"charge" 13 1100 6 4 587 592>
     <"on" 13 12 6 4 586 644>
     <"charge" 13 1200 6 4 645 650>
     <"on" 13 13 6 4 644 702>
     <"charge" 13 1300 6 4 703 708>
     <"on" 13 14 6 4 702 760>
     <"charge" 13 1400 6 4 761 766>
     <"on" 13 15 6 4 760 818>
     <"charge" 13 1500 6 4 819 824>
     <"on" 13 16 6 4 818 876>
     <"charge" 13 1600 6 4 877 882>
     <"on" 13 17 6 4 876 934>
     <"charge" 13 1700 6 4 935 940>
     <"on" 13 18 6 4 934 992>
     <"charge" 13 1800 6 4 993 998>
     <"on" 13 19 6 4 992 1050>
     <"charge" 13 1900 6 4 1051 1056>
     <"on" 13 20 6 4 1050 1108>
     <"charge" 13 2000 6 4 1109 1114>
     <"on" 13 21 6 4 1108 1166>
     <"charge" 13 2100 6 4 1167 1172>
     <"on" 13 22 6 4 1166 1224>
     <"charge" 13 2200 6 4 1225 1230>
     <"on" 13 23 6 4 1224 1282>
     <"charge" 13 2300 6 4 1283 1288>
     <"on" 13 24 6 4 1282 1340>
     <"charge" 13 2400 6 4 1341 1346>
     <"on" 13 25 6 4 1340 1398>
     <"charge" 13 2500 6 4 1399 1404>
     <"on" 13 26 6 4 1398 1440>
     <"on" 14 1 0 4 0 45>
     <"charge" 14 100 0 4 50 55>
     <"on" 14 2 0 4 45 95>
     <"charge" 14 200 0 4 100 105>
     <"on" 14 3 0 4 95 145>
     <"charge" 14 300 0 4 150 155>
     <"on" 14 4 0 4 145 195>
     <"charge" 14 400 0 4 200 205>
     <"on" 14 5 0 4 195 245>
     <"charge" 14 500 0 4 250 255>
     <"on" 14 6 0 4 245 295>
     <"charge" 14 600 0 4 300 305>
     <"on" 14 7 0 4 295 345>
     <"charge" 14 700 0 4 350 355>
     <"on" 14 8 0 4 345 395>
     <"charge" 14 800 0 4 400 405>
     <"on" 14 9 0 4 395 445>
     <"charge" 14 900 0 4 450 455>
     <"on" 14 10 0 4 445 495>
     <"charge" 14 1000 0 4 500 505>
     <"on" 14 11 0 4 495 545>
     <"charge" 14 1100 0 4 550 555>
     <"on" 14 12 0 4 545 595>
     <"charge" 14 1200 0 4 600 605>
     <"on" 14 13 0 4 595 645>
     <"charge" 14 1300 0 4 650 655>
     <"on" 14 14 0 4 645 695>
     <"charge" 14 1400 0 4 700 705>
     <"on" 14 15 0 4 695 745>
     <"charge" 14 1500 0 4 750 755>
     <"on" 14 16 0 4 745 795>
     <"charge" 14 1600 0 4 800 805>
     <"on" 14 17 0 4 795 845>
     <"charge" 14 1700 0 4 850 855>
     <"on" 14 18 0 4 845 895>
     <"charge" 14 1800 0 4 900 905>
     <"on" 14 19 0 4 895 945>
     <"charge" 14 1900 0 4 950 955>
     <"on" 14 20 0 4 945 995>
     <"charge" 14 2000 0 4 1000 1005>
     <"on" 14 21 0 4 995 1045>
     <"charge" 14 2100 0 4 1050 1055>
     <"on" 14 22 0 4 1045 1095>
     <"charge" 14 2200 0 4 1100 1105>
     <"on" 14 23 0 4 1095 1145>
     <"charge" 14 2300 0 4 1150 1155>
     <"on" 14 24 0 4 1145 1195>
     <"charge" 14 2400 0 4 1200 1205>
     <"on" 14 25 0 4 1195 1245>
     <"charge" 14 2500 0 4 1250 1255>
     <"on" 14 26 0 4 1245 1295>
     <"charge" 14 2600 0 4 1300 1305>
     <"on" 14 27 0 4 1295 1345>
     <"charge" 14 2700 0 4 1350 1355>
     <"on" 14 28 0 4 1345 1395>
     <"charge" 14 2800 0 4 1400 1405>
     <"on" 14 29 0 4 1395 1440>
     <"on" 15 1 9 2 0 40>
     <"charge" 15 100 9 2 45 50>
     <"on" 15 2 9 2 40 90>
     <"charge" 15 200 9 2 95 100>
     <"on" 15 3 9 2 90 140>
     <"charge" 15 300 9 2 145 150>
     <"on" 15 4 9 2 140 190>
     <"charge" 15 400 9 2 195 200>
     <"on" 15 5 9 2 190 240>
     <"charge" 15 500 9 2 245 250>
     <"on" 15 6 9 2 240 290>
     <"charge" 15 600 9 2 295 300>
     <"on" 15 7 9 2 290 340>
     <"charge" 15 700 9 2 345 350>
     <"on" 15 8 9 2 340 390>
     <"charge" 15 800 9 2 395 400>
     <"on" 15 9 9 2 390 440>
     <"charge" 15 900 9 2 445 450>
     <"on" 15 10 9 2 440 490>
     <"charge" 15 1000 9 2 495 500>
     <"on" 15 11 9 2 490 540>
     <"charge" 15 1100 9 2 545 550>
     <"on" 15 12 9 2 540 590>
     <"charge" 15 1200 9 2 595 600>
     <"on" 15 13 9 2 590 640>
     <"charge" 15 1300 9 2 645 650>
     <"on" 15 14 9 2 640 690>
     <"charge" 15 1400 9 2 695 700>
     <"on" 15 15 9 2 690 740>
     <"charge" 15 1500 9 2 745 750>
     <"on" 15 16 9 2 740 790>
     <"charge" 15 1600 9 2 795 800>
     <"on" 15 17 9 2 790 840>
     <"charge" 15 1700 9 2 845 850>
     <"on" 15 18 9 2 840 890>
     <"charge" 15 1800 9 2 895 900>
     <"on" 15 19 9 2 890 940>
     <"charge" 15 1900 9 2 945 950>
     <"on" 15 20 9 2 940 990>
     <"charge" 15 2000 9 2 995 1000>
     <"on" 15 21 9 2 990 1040>
     <"charge" 15 2100 9 2 1045 1050>
     <"on" 15 22 9 2 1040 1090>
     <"charge" 15 2200 9 2 1095 1100>
     <"on" 15 23 9 2 1090 1140>
     <"charge" 15 2300 9 2 1145 1150>
     <"on" 15 24 9 2 1140 1190>
     <"charge" 15 2400 9 2 1195 1200>
     <"on" 15 25 9 2 1190 1240>
     <"charge" 15 2500 9 2 1245 1250>
     <"on" 15 26 9 2 1240 1290>
     <"charge" 15 2600 9 2 1295 1300>
     <"on" 15 27 9 2 1290 1340>
     <"charge" 15 2700 9 2 1345 1350>
     <"on" 15 28 9 2 1340 1390>
     <"charge" 15 2800 9 2 1395 1400>
     <"on" 15 29 9 2 1390 1440>
     <"on" 16 1 6 5 0 40>
     <"charge" 16 100 6 5 41 46>
     <"on" 16 2 6 5 40 98>
     <"charge" 16 200 6 5 99 104>
     <"on" 16 3 6 5 98 156>
     <"charge" 16 300 6 5 157 162>
     <"on" 16 4 6 5 156 214>
     <"charge" 16 400 6 5 215 220>
     <"on" 16 5 6 5 214 272>
     <"charge" 16 500 6 5 273 278>
     <"on" 16 6 6 5 272 330>
     <"charge" 16 600 6 5 331 336>
     <"on" 16 7 6 5 330 388>
     <"charge" 16 700 6 5 389 394>
     <"on" 16 8 6 5 388 446>
     <"charge" 16 800 6 5 447 452>
     <"on" 16 9 6 5 446 504>
     <"charge" 16 900 6 5 505 510>
     <"on" 16 10 6 5 504 562>
     <"charge" 16 1000 6 5 563 568>
     <"on" 16 11 6 5 562 620>
     <"charge" 16 1100 6 5 621 626>
     <"on" 16 12 6 5 620 678>
     <"charge" 16 1200 6 5 679 684>
     <"on" 16 13 6 5 678 736>
     <"charge" 16 1300 6 5 737 742>
     <"on" 16 14 6 5 736 794>
     <"charge" 16 1400 6 5 795 800>
     <"on" 16 15 6 5 794 852>
     <"charge" 16 1500 6 5 853 858>
     <"on" 16 16 6 5 852 910>
     <"charge" 16 1600 6 5 911 916>
     <"on" 16 17 6 5 910 968>
     <"charge" 16 1700 6 5 969 974>
     <"on" 16 18 6 5 968 1026>
     <"charge" 16 1800 6 5 1027 1032>
     <"on" 16 19 6 5 1026 1084>
     <"charge" 16 1900 6 5 1085 1090>
     <"on" 16 20 6 5 1084 1142>
     <"charge" 16 2000 6 5 1143 1148>
     <"on" 16 21 6 5 1142 1200>
     <"charge" 16 2100 6 5 1201 1206>
     <"on" 16 22 6 5 1200 1258>
     <"charge" 16 2200 6 5 1259 1264>
     <"on" 16 23 6 5 1258 1316>
     <"charge" 16 2300 6 5 1317 1322>
     <"on" 16 24 6 5 1316 1374>
     <"charge" 16 2400 6 5 1375 1380>
     <"on" 16 25 6 5 1374 1432>
     <"charge" 16 2500 6 5 1433 1438>
     <"on" 16 26 6 5 1432 1440>
     <"on" 17 1 6 6 0 32>
     <"charge" 17 100 6 6 33 38>
     <"on" 17 2 6 6 32 90>
     <"charge" 17 200 6 6 91 96>
     <"on" 17 3 6 6 90 148>
     <"charge" 17 300 6 6 149 154>
     <"on" 17 4 6 6 148 206>
     <"charge" 17 400 6 6 207 212>
     <"on" 17 5 6 6 206 264>
     <"charge" 17 500 6 6 265 270>
     <"on" 17 6 6 6 264 322>
     <"charge" 17 600 6 6 323 328>
     <"on" 17 7 6 6 322 380>
     <"charge" 17 700 6 6 381 386>
     <"on" 17 8 6 6 380 438>
     <"charge" 17 800 6 6 439 444>
     <"on" 17 9 6 6 438 496>
     <"charge" 17 900 6 6 497 502>
     <"on" 17 10 6 6 496 554>
     <"charge" 17 1000 6 6 555 560>
     <"on" 17 11 6 6 554 612>
     <"charge" 17 1100 6 6 613 618>
     <"on" 17 12 6 6 612 670>
     <"charge" 17 1200 6 6 671 676>
     <"on" 17 13 6 6 670 728>
     <"charge" 17 1300 6 6 729 734>
     <"on" 17 14 6 6 728 786>
     <"charge" 17 1400 6 6 787 792>
     <"on" 17 15 6 6 786 844>
     <"charge" 17 1500 6 6 845 850>
     <"on" 17 16 6 6 844 902>
     <"charge" 17 1600 6 6 903 908>
     <"on" 17 17 6 6 902 960>
     <"charge" 17 1700 6 6 961 966>
     <"on" 17 18 6 6 960 1018>
     <"charge" 17 1800 6 6 1019 1024>
     <"on" 17 19 6 6 1018 1076>
     <"charge" 17 1900 6 6 1077 1082>
     <"on" 17 20 6 6 1076 1134>
     <"charge" 17 2000 6 6 1135 1140>
     <"on" 17 21 6 6 1134 1192>
     <"charge" 17 2100 6 6 1193 1198>
     <"on" 17 22 6 6 1192 1250>
     <"charge" 17 2200 6 6 1251 1256>
     <"on" 17 23 6 6 1250 1308>
     <"charge" 17 2300 6 6 1309 1314>
     <"on" 17 24 6 6 1308 1366>
     <"charge" 17 2400 6 6 1367 1372>
     <"on" 17 25 6 6 1366 1424>
     <"charge" 17 2500 6 6 1425 1430>
     <"on" 17 26 6 6 1424 1440>
     <"on" 18 1 0 7 0 6>
     <"charge" 18 100 0 7 11 16>
     <"on" 18 2 0 7 6 56>
     <"charge" 18 200 0 7 61 66>
     <"on" 18 3 0 7 56 106>
     <"charge" 18 300 0 7 111 116>
     <"on" 18 4 0 7 106 156>
     <"charge" 18 400 0 7 161 166>
     <"on" 18 5 0 7 156 206>
     <"charge" 18 500 0 7 211 216>
     <"on" 18 6 0 7 206 256>
     <"charge" 18 600 0 7 261 266>
     <"on" 18 7 0 7 256 306>
     <"charge" 18 700 0 7 311 316>
     <"on" 18 8 0 7 306 356>
     <"charge" 18 800 0 7 361 366>
     <"on" 18 9 0 7 356 406>
     <"charge" 18 900 0 7 411 416>
     <"on" 18 10 0 7 406 456>
     <"charge" 18 1000 0 7 461 466>
     <"on" 18 11 0 7 456 506>
     <"charge" 18 1100 0 7 511 516>
     <"on" 18 12 0 7 506 556>
     <"charge" 18 1200 0 7 561 566>
     <"on" 18 13 0 7 556 606>
     <"charge" 18 1300 0 7 611 616>
     <"on" 18 14 0 7 606 656>
     <"charge" 18 1400 0 7 661 666>
     <"on" 18 15 0 7 656 706>
     <"charge" 18 1500 0 7 711 716>
     <"on" 18 16 0 7 706 756>
     <"charge" 18 1600 0 7 761 766>
     <"on" 18 17 0 7 756 806>
     <"charge" 18 1700 0 7 811 816>
     <"on" 18 18 0 7 806 856>
     <"charge" 18 1800 0 7 861 866>
     <"on" 18 19 0 7 856 906>
     <"charge" 18 1900 0 7 911 916>
     <"on" 18 20 0 7 906 956>
     <"charge" 18 2000 0 7 961 966>
     <"on" 18 21 0 7 956 1006>
     <"charge" 18 2100 0 7 1011 1016>
     <"on" 18 22 0 7 1006 1056>
     <"charge" 18 2200 0 7 1061 1066>
     <"on" 18 23 0 7 1056 1106>
     <"charge" 18 2300 0 7 1111 1116>
     <"on" 18 24 0 7 1106 1156>
     <"charge" 18 2400 0 7 1161 1166>
     <"on" 18 25 0 7 1156 1206>
     <"charge" 18 2500 0 7 1211 1216>
     <"on" 18 26 0 7 1206 1256>
     <"charge" 18 2600 0 7 1261 1266>
     <"on" 18 27 0 7 1256 1306>
     <"charge" 18 2700 0 7 1311 1316>
     <"on" 18 28 0 7 1306 1356>
     <"charge" 18 2800 0 7 1361 1366>
     <"on" 18 29 0 7 1356 1406>
     <"charge" 18 2900 0 7 1411 1416>
     <"on" 18 30 0 7 1406 1440>
     <"on" 19 1 3 4 0 34>
     <"charge" 19 100 3 4 36 41>
     <"on" 19 2 3 4 34 90>
     <"charge" 19 200 3 4 92 97>
     <"on" 19 3 3 4 90 146>
     <"charge" 19 300 3 4 148 153>
     <"on" 19 4 3 4 146 202>
     <"charge" 19 400 3 4 204 209>
     <"on" 19 5 3 4 202 258>
     <"charge" 19 500 3 4 260 265>
     <"on" 19 6 3 4 258 314>
     <"charge" 19 600 3 4 316 321>
     <"on" 19 7 3 4 314 370>
     <"charge" 19 700 3 4 372 377>
     <"on" 19 8 3 4 370 426>
     <"charge" 19 800 3 4 428 433>
     <"on" 19 9 3 4 426 482>
     <"charge" 19 900 3 4 484 489>
     <"on" 19 10 3 4 482 538>
     <"charge" 19 1000 3 4 540 545>
     <"on" 19 11 3 4 538 594>
     <"charge" 19 1100 3 4 596 601>
     <"on" 19 12 3 4 594 650>
     <"charge" 19 1200 3 4 652 657>
     <"on" 19 13 3 4 650 706>
     <"charge" 19 1300 3 4 708 713>
     <"on" 19 14 3 4 706 762>
     <"charge" 19 1400 3 4 764 769>
     <"on" 19 15 3 4 762 818>
     <"charge" 19 1500 3 4 820 825>
     <"on" 19 16 3 4 818 874>
     <"charge" 19 1600 3 4 876 881>
     <"on" 19 17 3 4 874 930>
     <"charge" 19 1700 3 4 932 937>
     <"on" 19 18 3 4 930 986>
     <"charge" 19 1800 3 4 988 993>
     <"on" 19 19 3 4 986 1042>
     <"charge" 19 1900 3 4 1044 1049>
     <"on" 19 20 3 4 1042 1098>
     <"charge" 19 2000 3 4 1100 1105>
     <"on" 19 21 3 4 1098 1154>
     <"charge" 19 2100 3 4 1156 1161>
     <"on" 19 22 3 4 1154 1210>
     <"charge" 19 2200 3 4 1212 1217>
     <"on" 19 23 3 4 1210 1266>
     <"charge" 19 2300 3 4 1268 1273>
     <"on" 19 24 3 4 1266 1322>
     <"charge" 19 2400 3 4 1324 1329>
     <"on" 19 25 3 4 1322 1378>
     <"charge" 19 2500 3 4 1380 1385>
     <"on" 19 26 3 4 1378 1434>
     <"charge" 19 2600 3 4 1436 1440>
     <"on" 19 27 3 4 1434 1440>
     <"on" 20 1 6 9 0 28>
     <"charge" 20 100 6 9 32 37>
     <"on" 20 2 6 9 28 80>
     <"charge" 20 200 6 9 84 89>
     <"on" 20 3 6 9 80 132>
     <"charge" 20 300 6 9 136 141>
     <"on" 20 4 6 9 132 184>
     <"charge" 20 400 6 9 188 193>
     <"on" 20 5 6 9 184 236>
     <"charge" 20 500 6 9 240 245>
     <"on" 20 6 6 9 236 288>
     <"charge" 20 600 6 9 292 297>
     <"on" 20 7 6 9 288 340>
     <"charge" 20 700 6 9 344 349>
     <"on" 20 8 6 9 340 392>
     <"charge" 20 800 6 9 396 401>
     <"on" 20 9 6 9 392 444>
     <"charge" 20 900 6 9 448 453>
     <"on" 20 10 6 9 444 496>
     <"charge" 20 1000 6 9 500 505>
     <"on" 20 11 6 9 496 548>
     <"charge" 20 1100 6 9 552 557>
     <"on" 20 12 6 9 548 600>
     <"charge" 20 1200 6 9 604 609>
     <"on" 20 13 6 9 600 652>
     <"charge" 20 1300 6 9 656 661>
     <"on" 20 14 6 9 652 704>
     <"charge" 20 1400 6 9 708 713>
     <"on" 20 15 6 9 704 756>
     <"charge" 20 1500 6 9 760 765>
     <"on" 20 16 6 9 756 808>
     <"charge" 20 1600 6 9 812 817>
     <"on" 20 17 6 9 808 860>
     <"charge" 20 1700 6 9 864 869>
     <"on" 20 18 6 9 860 912>
     <"charge" 20 1800 6 9 916 921>
     <"on" 20 19 6 9 912 964>
     <"charge" 20 1900 6 9 968 973>
     <"on" 20 20 6 9 964 1016>
     <"charge" 20 2000 6 9 1020 1025>
     <"on" 20 21 6 9 1016 1068>
     <"charge" 20 2100 6 9 1072 1077>
     <"on" 20 22 6 9 1068 1120>
     <"charge" 20 2200 6 9 1124 1129>
     <"on" 20 23 6 9 1120 1172>
     <"charge" 20 2300 6 9 1176 1181>
     <"on" 20 24 6 9 1172 1224>
     <"charge" 20 2400 6 9 1228 1233>
     <"on" 20 25 6 9 1224 1276>
     <"charge" 20 2500 6 9 1280 1285>
     <"on" 20 26 6 9 1276 1328>
     <"charge" 20 2600 6 9 1332 1337>
     <"on" 20 27 6 9 1328 1380>
     <"charge" 20 2700 6 9 1384 1389>
     <"on" 20 28 6 9 1380 1432>
     <"charge" 20 2800 6 9 1436 1440>
     <"on" 20 29 6 9 1432 1440>
     <"on" 21 1 2 1 0 34>
     <"charge" 21 100 2 1 39 44>
     <"on" 21 2 2 1 34 84>
     <"charge" 21 200 2 1 89 94>
     <"on" 21 3 2 1 84 134>
     <"charge" 21 300 2 1 139 144>
     <"on" 21 4 2 1 134 184>
     <"charge" 21 400 2 1 189 194>
     <"on" 21 5 2 1 184 234>
     <"charge" 21 500 2 1 239 244>
     <"on" 21 6 2 1 234 284>
     <"charge" 21 600 2 1 289 294>
     <"on" 21 7 2 1 284 334>
     <"charge" 21 700 2 1 339 344>
     <"on" 21 8 2 1 334 384>
     <"charge" 21 800 2 1 389 394>
     <"on" 21 9 2 1 384 434>
     <"charge" 21 900 2 1 439 444>
     <"on" 21 10 2 1 434 484>
     <"charge" 21 1000 2 1 489 494>
     <"on" 21 11 2 1 484 534>
     <"charge" 21 1100 2 1 539 544>
     <"on" 21 12 2 1 534 584>
     <"charge" 21 1200 2 1 589 594>
     <"on" 21 13 2 1 584 634>
     <"charge" 21 1300 2 1 639 644>
     <"on" 21 14 2 1 634 684>
     <"charge" 21 1400 2 1 689 694>
     <"on" 21 15 2 1 684 734>
     <"charge" 21 1500 2 1 739 744>
     <"on" 21 16 2 1 734 784>
     <"charge" 21 1600 2 1 789 794>
     <"on" 21 17 2 1 784 834>
     <"charge" 21 1700 2 1 839 844>
     <"on" 21 18 2 1 834 884>
     <"charge" 21 1800 2 1 889 894>
     <"on" 21 19 2 1 884 934>
     <"charge" 21 1900 2 1 939 944>
     <"on" 21 20 2 1 934 984>
     <"charge" 21 2000 2 1 989 994>
     <"on" 21 21 2 1 984 1034>
     <"charge" 21 2100 2 1 1039 1044>
     <"on" 21 22 2 1 1034 1084>
     <"charge" 21 2200 2 1 1089 1094>
     <"on" 21 23 2 1 1084 1134>
     <"charge" 21 2300 2 1 1139 1144>
     <"on" 21 24 2 1 1134 1184>
     <"charge" 21 2400 2 1 1189 1194>
     <"on" 21 25 2 1 1184 1234>
     <"charge" 21 2500 2 1 1239 1244>
     <"on" 21 26 2 1 1234 1284>
     <"charge" 21 2600 2 1 1289 1294>
     <"on" 21 27 2 1 1284 1334>
     <"charge" 21 2700 2 1 1339 1344>
     <"on" 21 28 2 1 1334 1384>
     <"charge" 21 2800 2 1 1389 1394>
     <"on" 21 29 2 1 1384 1434>
     <"charge" 21 2900 2 1 1439 1440>
     <"on" 21 30 2 1 1434 1440>
     <"on" 22 1 2 7 0 42>
     <"charge" 22 100 2 7 46 51>
     <"on" 22 2 2 7 42 94>
     <"charge" 22 200 2 7 98 103>
     <"on" 22 3 2 7 94 146>
     <"charge" 22 300 2 7 150 155>
     <"on" 22 4 2 7 146 198>
     <"charge" 22 400 2 7 202 207>
     <"on" 22 5 2 7 198 250>
     <"charge" 22 500 2 7 254 259>
     <"on" 22 6 2 7 250 302>
     <"charge" 22 600 2 7 306 311>
     <"on" 22 7 2 7 302 354>
     <"charge" 22 700 2 7 358 363>
     <"on" 22 8 2 7 354 406>
     <"charge" 22 800 2 7 410 415>
     <"on" 22 9 2 7 406 458>
     <"charge" 22 900 2 7 462 467>
     <"on" 22 10 2 7 458 510>
     <"charge" 22 1000 2 7 514 519>
     <"on" 22 11 2 7 510 562>
     <"charge" 22 1100 2 7 566 571>
     <"on" 22 12 2 7 562 614>
     <"charge" 22 1200 2 7 618 623>
     <"on" 22 13 2 7 614 666>
     <"charge" 22 1300 2 7 670 675>
     <"on" 22 14 2 7 666 718>
     <"charge" 22 1400 2 7 722 727>
     <"on" 22 15 2 7 718 770>
     <"charge" 22 1500 2 7 774 779>
     <"on" 22 16 2 7 770 822>
     <"charge" 22 1600 2 7 826 831>
     <"on" 22 17 2 7 822 874>
     <"charge" 22 1700 2 7 878 883>
     <"on" 22 18 2 7 874 926>
     <"charge" 22 1800 2 7 930 935>
     <"on" 22 19 2 7 926 978>
     <"charge" 22 1900 2 7 982 987>
     <"on" 22 20 2 7 978 1030>
     <"charge" 22 2000 2 7 1034 1039>
     <"on" 22 21 2 7 1030 1082>
     <"charge" 22 2100 2 7 1086 1091>
     <"on" 22 22 2 7 1082 1134>
     <"charge" 22 2200 2 7 1138 1143>
     <"on" 22 23 2 7 1134 1186>
     <"charge" 22 2300 2 7 1190 1195>
     <"on" 22 24 2 7 1186 1238>
     <"charge" 22 2400 2 7 1242 1247>
     <"on" 22 25 2 7 1238 1290>
     <"charge" 22 2500 2 7 1294 1299>
     <"on" 22 26 2 7 1290 1342>
     <"charge" 22 2600 2 7 1346 1351>
     <"on" 22 27 2 7 1342 1394>
     <"charge" 22 2700 2 7 1398 1403>
     <"on" 22 28 2 7 1394 1440>
     <"on" 23 1 6 1 0 44>
     <"charge" 23 100 6 1 48 53>
     <"on" 23 2 6 1 44 96>
     <"charge" 23 200 6 1 100 105>
     <"on" 23 3 6 1 96 148>
     <"charge" 23 300 6 1 152 157>
     <"on" 23 4 6 1 148 200>
     <"charge" 23 400 6 1 204 209>
     <"on" 23 5 6 1 200 252>
     <"charge" 23 500 6 1 256 261>
     <"on" 23 6 6 1 252 304>
     <"charge" 23 600 6 1 308 313>
     <"on" 23 7 6 1 304 356>
     <"charge" 23 700 6 1 360 365>
     <"on" 23 8 6 1 356 408>
     <"charge" 23 800 6 1 412 417>
     <"on" 23 9 6 1 408 460>
     <"charge" 23 900 6 1 464 469>
     <"on" 23 10 6 1 460 512>
     <"charge" 23 1000 6 1 516 521>
     <"on" 23 11 6 1 512 564>
     <"charge" 23 1100 6 1 568 573>
     <"on" 23 12 6 1 564 616>
     <"charge" 23 1200 6 1 620 625>
     <"on" 23 13 6 1 616 668>
     <"charge" 23 1300 6 1 672 677>
     <"on" 23 14 6 1 668 720>
     <"charge" 23 1400 6 1 724 729>
     <"on" 23 15 6 1 720 772>
     <"charge" 23 1500 6 1 776 781>
     <"on" 23 16 6 1 772 824>
     <"charge" 23 1600 6 1 828 833>
     <"on" 23 17 6 1 824 876>
     <"charge" 23 1700 6 1 880 885>
     <"on" 23 18 6 1 876 928>
     <"charge" 23 1800 6 1 932 937>
     <"on" 23 19 6 1 928 980>
     <"charge" 23 1900 6 1 984 989>
     <"on" 23 20 6 1 980 1032>
     <"charge" 23 2000 6 1 1036 1041>
     <"on" 23 21 6 1 1032 1084>
     <"charge" 23 2100 6 1 1088 1093>
     <"on" 23 22 6 1 1084 1136>
     <"charge" 23 2200 6 1 1140 1145>
     <"on" 23 23 6 1 1136 1188>
     <"charge" 23 2300 6 1 1192 1197>
     <"on" 23 24 6 1 1188 1240>
     <"charge" 23 2400 6 1 1244 1249>
     <"on" 23 25 6 1 1240 1292>
     <"charge" 23 2500 6 1 1296 1301>
     <"on" 23 26 6 1 1292 1344>
     <"charge" 23 2600 6 1 1348 1353>
     <"on" 23 27 6 1 1344 1396>
     <"charge" 23 2700 6 1 1400 1405>
     <"on" 23 28 6 1 1396 1440>
     <"on" 24 1 3 9 0 31>
     <"charge" 24 100 3 9 35 40>
     <"on" 24 2 3 9 31 83>
     <"charge" 24 200 3 9 87 92>
     <"on" 24 3 3 9 83 135>
     <"charge" 24 300 3 9 139 144>
     <"on" 24 4 3 9 135 187>
     <"charge" 24 400 3 9 191 196>
     <"on" 24 5 3 9 187 239>
     <"charge" 24 500 3 9 243 248>
     <"on" 24 6 3 9 239 291>
     <"charge" 24 600 3 9 295 300>
     <"on" 24 7 3 9 291 343>
     <"charge" 24 700 3 9 347 352>
     <"on" 24 8 3 9 343 395>
     <"charge" 24 800 3 9 399 404>
     <"on" 24 9 3 9 395 447>
     <"charge" 24 900 3 9 451 456>
     <"on" 24 10 3 9 447 499>
     <"charge" 24 1000 3 9 503 508>
     <"on" 24 11 3 9 499 551>
     <"charge" 24 1100 3 9 555 560>
     <"on" 24 12 3 9 551 603>
     <"charge" 24 1200 3 9 607 612>
     <"on" 24 13 3 9 603 655>
     <"charge" 24 1300 3 9 659 664>
     <"on" 24 14 3 9 655 707>
     <"charge" 24 1400 3 9 711 716>
     <"on" 24 15 3 9 707 759>
     <"charge" 24 1500 3 9 763 768>
     <"on" 24 16 3 9 759 811>
     <"charge" 24 1600 3 9 815 820>
     <"on" 24 17 3 9 811 863>
     <"charge" 24 1700 3 9 867 872>
     <"on" 24 18 3 9 863 915>
     <"charge" 24 1800 3 9 919 924>
     <"on" 24 19 3 9 915 967>
     <"charge" 24 1900 3 9 971 976>
     <"on" 24 20 3 9 967 1019>
     <"charge" 24 2000 3 9 1023 1028>
     <"on" 24 21 3 9 1019 1071>
     <"charge" 24 2100 3 9 1075 1080>
     <"on" 24 22 3 9 1071 1123>
     <"charge" 24 2200 3 9 1127 1132>
     <"on" 24 23 3 9 1123 1175>
     <"charge" 24 2300 3 9 1179 1184>
     <"on" 24 24 3 9 1175 1227>
     <"charge" 24 2400 3 9 1231 1236>
     <"on" 24 25 3 9 1227 1279>
     <"charge" 24 2500 3 9 1283 1288>
     <"on" 24 26 3 9 1279 1331>
     <"charge" 24 2600 3 9 1335 1340>
     <"on" 24 27 3 9 1331 1383>
     <"charge" 24 2700 3 9 1387 1392>
     <"on" 24 28 3 9 1383 1435>
     <"charge" 24 2800 3 9 1439 1440>
     <"on" 24 29 3 9 1435 1440>
     <"on" 25 1 0 7 0 31>
     <"charge" 25 100 0 7 36 41>
     <"on" 25 2 0 7 31 81>
     <"charge" 25 200 0 7 86 91>
     <"on" 25 3 0 7 81 131>
     <"charge" 25 300 0 7 136 141>
     <"on" 25 4 0 7 131 181>
     <"charge" 25 400 0 7 186 191>
     <"on" 25 5 0 7 181 231>
     <"charge" 25 500 0 7 236 241>
     <"on" 25 6 0 7 231 281>
     <"charge" 25 600 0 7 286 291>
     <"on" 25 7 0 7 281 331>
     <"charge" 25 700 0 7 336 341>
     <"on" 25 8 0 7 331 381>
     <"charge" 25 800 0 7 386 391>
     <"on" 25 9 0 7 381 431>
     <"charge" 25 900 0 7 436 441>
     <"on" 25 10 0 7 431 481>
     <"charge" 25 1000 0 7 486 491>
     <"on" 25 11 0 7 481 531>
     <"charge" 25 1100 0 7 536 541>
     <"on" 25 12 0 7 531 581>
     <"charge" 25 1200 0 7 586 591>
     <"on" 25 13 0 7 581 631>
     <"charge" 25 1300 0 7 636 641>
     <"on" 25 14 0 7 631 681>
     <"charge" 25 1400 0 7 686 691>
     <"on" 25 15 0 7 681 731>
     <"charge" 25 1500 0 7 736 741>
     <"on" 25 16 0 7 731 781>
     <"charge" 25 1600 0 7 786 791>
     <"on" 25 17 0 7 781 831>
     <"charge" 25 1700 0 7 836 841>
     <"on" 25 18 0 7 831 881>
     <"charge" 25 1800 0 7 886 891>
     <"on" 25 19 0 7 881 931>
     <"charge" 25 1900 0 7 936 941>
     <"on" 25 20 0 7 931 981>
     <"charge" 25 2000 0 7 986 991>
     <"on" 25 21 0 7 981 1031>
     <"charge" 25 2100 0 7 1036 1041>
     <"on" 25 22 0 7 1031 1081>
     <"charge" 25 2200 0 7 1086 1091>
     <"on" 25 23 0 7 1081 1131>
     <"charge" 25 2300 0 7 1136 1141>
     <"on" 25 24 0 7 1131 1181>
     <"charge" 25 2400 0 7 1186 1191>
     <"on" 25 25 0 7 1181 1231>
     <"charge" 25 2500 0 7 1236 1241>
     <"on" 25 26 0 7 1231 1281>
     <"charge" 25 2600 0 7 1286 1291>
     <"on" 25 27 0 7 1281 1331>
     <"charge" 25 2700 0 7 1336 1341>
     <"on" 25 28 0 7 1331 1381>
     <"charge" 25 2800 0 7 1386 1391>
     <"on" 25 29 0 7 1381 1431>
     <"charge" 25 2900 0 7 1436 1440>
     <"on" 25 30 0 7 1431 1440>};
Travel =  {<0 0 0> <0 1 3> <0 2 4> <0 3 4> <0 4 4> <0 5 2> <0 6 4>
     <0 7 3> <0 8 6> <0 9 3> <0 10 4> <0 11 2> <0 12 5>
     <0 13 1> <0 14 5> <0 15 5> <0 16 1> <0 17 1> <0 18 5>
     <0 19 2> <0 20 4> <0 21 5> <0 22 4> <0 23 4> <0 24 4>
     <0 25 5> <1 0 3> <1 1 0> <1 2 7> <1 3 6> <1 4 7>
     <1 5 4> <1 6 3> <1 7 1> <1 8 9> <1 9 3> <1 10 5>
     <1 11 4> <1 12 8> <1 13 1> <1 14 7> <1 15 2> <1 16 2>
     <1 17 3> <1 18 8> <1 19 4> <1 20 6> <1 21 5> <1 22 6>
     <1 23 2> <1 24 7> <1 25 8> <2 0 4> <2 1 7> <2 2 0>
     <2 3 5> <2 4 2> <2 5 4> <2 6 6> <2 7 7> <2 8 4>
     <2 9 5> <2 10 6> <2 11 4> <2 12 5> <2 13 5> <2 14 6>
     <2 15 9> <2 16 4> <2 17 4> <2 18 4> <2 19 5> <2 20 2>
     <2 21 8> <2 22 3> <2 23 8> <2 24 1> <2 25 4> <3 0 4>
     <3 1 6> <3 2 5> <3 3 0> <3 4 3> <3 5 2> <3 6 8>
     <3 7 6> <3 8 4> <3 9 7> <3 10 2> <3 11 2> <3 12 1>
     <3 13 5> <3 14 1> <3 15 9> <3 16 5> <3 17 5> <3 18 2>
     <3 19 2> <3 20 6> <3 21 4> <3 22 2> <3 23 6> <3 24 4>
     <3 25 2> <4 0 4> <4 1 7> <4 2 2> <4 3 3> <4 4 0>
     <4 5 3> <4 6 8> <4 7 7> <4 8 2> <4 9 6> <4 10 5>
     <4 11 3> <4 12 3> <4 13 6> <4 14 4> <4 15 9> <4 16 5>
     <4 17 4> <4 18 2> <4 19 4> <4 20 4> <4 21 7> <4 22 1>
     <4 23 8> <4 24 1> <4 25 2> <5 0 2> <5 1 4> <5 2 4>
     <5 3 2> <5 4 3> <5 5 0> <5 6 6> <5 7 4> <5 8 5>
     <5 9 5> <5 10 2> <5 11 0> <5 12 3> <5 13 3> <5 14 3>
     <5 15 7> <5 16 3> <5 17 3> <5 18 4> <5 19 1> <5 20 5>
     <5 21 4> <5 22 2> <5 23 5> <5 24 4> <5 25 4> <6 0 4>
     <6 1 3> <6 2 6> <6 3 8> <6 4 8> <6 5 6> <6 6 0>
     <6 7 4> <6 8 10> <6 9 1> <6 10 7> <6 11 6> <6 12 9>
     <6 13 3> <6 14 9> <6 15 3> <6 16 3> <6 17 3> <6 18 9>
     <6 19 6> <6 20 5> <6 21 8> <6 22 7> <6 23 5> <6 24 7>
     <6 25 9> <7 0 3> <7 1 1> <7 2 7> <7 3 6> <7 4 7>
     <7 5 4> <7 6 4> <7 7 0> <7 8 9> <7 9 4> <7 10 4>
     <7 11 4> <7 12 7> <7 13 2> <7 14 6> <7 15 3> <7 16 3>
     <7 17 4> <7 18 8> <7 19 4> <7 20 7> <7 21 4> <7 22 6>
     <7 23 1> <7 24 8> <7 25 8> <8 0 6> <8 1 9> <8 2 4>
     <8 3 4> <8 4 2> <8 5 5> <8 6 10> <8 7 9> <8 8 0>
     <8 9 9> <8 10 6> <8 11 5> <8 12 3> <8 13 8> <8 14 5>
     <8 15 11> <8 16 7> <8 17 7> <8 18 2> <8 19 6> <8 20 6>
     <8 21 8> <8 22 3> <8 23 10> <8 24 3> <8 25 2> <9 0 3>
     <9 1 3> <9 2 5> <9 3 7> <9 4 6> <9 5 5> <9 6 1>
     <9 7 4> <9 8 9> <9 9 0> <9 10 7> <9 11 5> <9 12 8>
     <9 13 3> <9 14 8> <9 15 4> <9 16 2> <9 17 2> <9 18 8>
     <9 19 5> <9 20 4> <9 21 8> <9 22 6> <9 23 5> <9 24 6>
     <9 25 8> <10 0 4> <10 1 5> <10 2 6> <10 3 2> <10 4 5>
     <10 5 2> <10 6 7> <10 7 4> <10 8 6> <10 9 7> <10 10 0>
     <10 11 2> <10 12 4> <10 13 4> <10 14 2> <10 15 7>
     <10 16 4> <10 17 5> <10 18 4> <10 19 1> <10 20 7>
     <10 21 2> <10 22 4> <10 23 4> <10 24 6> <10 25 4>
     <11 0 2> <11 1 4> <11 2 4> <11 3 2> <11 4 3> <11 5 0>
     <11 6 6> <11 7 4> <11 8 5> <11 9 5> <11 10 2> <11 11 0>
     <11 12 3> <11 13 3> <11 14 3> <11 15 7> <11 16 3>
     <11 17 3> <11 18 4> <11 19 1> <11 20 5> <11 21 4>
     <11 22 2> <11 23 5> <11 24 4> <11 25 4> <12 0 5>
     <12 1 8> <12 2 5> <12 3 1> <12 4 3> <12 5 3> <12 6 9>
     <12 7 7> <12 8 3> <12 9 8> <12 10 4> <12 11 3>
     <12 12 0> <12 13 6> <12 14 2> <12 15 10> <12 16 6>
     <12 17 6> <12 18 1> <12 19 4> <12 20 7> <12 21 5>
     <12 22 2> <12 23 8> <12 24 4> <12 25 1> <13 0 1>
     <13 1 1> <13 2 5> <13 3 5> <13 4 6> <13 5 3> <13 6 3>
     <13 7 2> <13 8 8> <13 9 3> <13 10 4> <13 11 3>
     <13 12 6> <13 13 0> <13 14 6> <13 15 4> <13 16 1>
     <13 17 2> <13 18 7> <13 19 3> <13 20 5> <13 21 5>
     <13 22 5> <13 23 3> <13 24 6> <13 25 7> <14 0 5>
     <14 1 7> <14 2 6> <14 3 1> <14 4 4> <14 5 3> <14 6 9>
     <14 7 6> <14 8 5> <14 9 8> <14 10 2> <14 11 3>
     <14 12 2> <14 13 6> <14 14 0> <14 15 9> <14 16 6>
     <14 17 6> <14 18 3> <14 19 3> <14 20 8> <14 21 4>
     <14 22 4> <14 23 7> <14 24 6> <14 25 3> <15 0 5>
     <15 1 2> <15 2 9> <15 3 9> <15 4 9> <15 5 7> <15 6 3>
     <15 7 3> <15 8 11> <15 9 4> <15 10 7> <15 11 7>
     <15 12 10> <15 13 4> <15 14 9> <15 15 0> <15 16 4>
     <15 17 5> <15 18 10> <15 19 6> <15 20 8> <15 21 7>
     <15 22 9> <15 23 3> <15 24 9> <15 25 10> <16 0 1>
     <16 1 2> <16 2 4> <16 3 5> <16 4 5> <16 5 3> <16 6 3>
     <16 7 3> <16 8 7> <16 9 2> <16 10 4> <16 11 3>
     <16 12 6> <16 13 1> <16 14 6> <16 15 4> <16 16 0>
     <16 17 1> <16 18 6> <16 19 3> <16 20 4> <16 21 6>
     <16 22 4> <16 23 4> <16 24 5> <16 25 6> <17 0 1>
     <17 1 3> <17 2 4> <17 3 5> <17 4 4> <17 5 3> <17 6 3>
     <17 7 4> <17 8 7> <17 9 2> <17 10 5> <17 11 3>
     <17 12 6> <17 13 2> <17 14 6> <17 15 5> <17 16 1>
     <17 17 0> <17 18 6> <17 19 4> <17 20 3> <17 21 6>
     <17 22 4> <17 23 5> <17 24 4> <17 25 6> <18 0 5>
     <18 1 8> <18 2 4> <18 3 2> <18 4 2> <18 5 4> <18 6 9>
     <18 7 8> <18 8 2> <18 9 8> <18 10 4> <18 11 4>
     <18 12 1> <18 13 7> <18 14 3> <18 15 10> <18 16 6>
     <18 17 6> <18 18 0> <18 19 4> <18 20 6> <18 21 6>
     <18 22 2> <18 23 8> <18 24 4> <18 25 0> <19 0 2>
     <19 1 4> <19 2 5> <19 3 2> <19 4 4> <19 5 1> <19 6 6>
     <19 7 4> <19 8 6> <19 9 5> <19 10 1> <19 11 1>
     <19 12 4> <19 13 3> <19 14 3> <19 15 6> <19 16 3>
     <19 17 4> <19 18 4> <19 19 0> <19 20 6> <19 21 3>
     <19 22 3> <19 23 4> <19 24 5> <19 25 4> <20 0 4>
     <20 1 6> <20 2 2> <20 3 6> <20 4 4> <20 5 5> <20 6 5>
     <20 7 7> <20 8 6> <20 9 4> <20 10 7> <20 11 5>
     <20 12 7> <20 13 5> <20 14 8> <20 15 8> <20 16 4>
     <20 17 3> <20 18 6> <20 19 6> <20 20 0> <20 21 9>
     <20 22 4> <20 23 8> <20 24 3> <20 25 6> <21 0 5>
     <21 1 5> <21 2 8> <21 3 4> <21 4 7> <21 5 4> <21 6 8>
     <21 7 4> <21 8 8> <21 9 8> <21 10 2> <21 11 4>
     <21 12 5> <21 13 5> <21 14 4> <21 15 7> <21 16 6>
     <21 17 6> <21 18 6> <21 19 3> <21 20 9> <21 21 0>
     <21 22 6> <21 23 4> <21 24 8> <21 25 6> <22 0 4>
     <22 1 6> <22 2 3> <22 3 2> <22 4 1> <22 5 2> <22 6 7>
     <22 7 6> <22 8 3> <22 9 6> <22 10 4> <22 11 2>
     <22 12 2> <22 13 5> <22 14 4> <22 15 9> <22 16 4>
     <22 17 4> <22 18 2> <22 19 3> <22 20 4> <22 21 6>
     <22 22 0> <22 23 7> <22 24 2> <22 25 2> <23 0 4>
     <23 1 2> <23 2 8> <23 3 6> <23 4 8> <23 5 5> <23 6 5>
     <23 7 1> <23 8 10> <23 9 5> <23 10 4> <23 11 5>
     <23 12 8> <23 13 3> <23 14 7> <23 15 3> <23 16 4>
     <23 17 5> <23 18 8> <23 19 4> <23 20 8> <23 21 4>
     <23 22 7> <23 23 0> <23 24 9> <23 25 8> <24 0 4>
     <24 1 7> <24 2 1> <24 3 4> <24 4 1> <24 5 4> <24 6 7>
     <24 7 8> <24 8 3> <24 9 6> <24 10 6> <24 11 4>
     <24 12 4> <24 13 6> <24 14 6> <24 15 9> <24 16 5>
     <24 17 4> <24 18 4> <24 19 5> <24 20 3> <24 21 8>
     <24 22 2> <24 23 9> <24 24 0> <24 25 4> <25 0 5>
     <25 1 8> <25 2 4> <25 3 2> <25 4 2> <25 5 4> <25 6 9>
     <25 7 8> <25 8 2> <25 9 8> <25 10 4> <25 11 4>
     <25 12 1> <25 13 7> <25 14 3> <25 15 10> <25 16 6>
     <25 17 6> <25 18 0> <25 19 4> <25 20 6> <25 21 6>
     <25 22 2> <25 23 8> <25 24 4> <25 25 0>};
Nodes =  {<0 5 5> <1 7 3> <2 4 9> <3 1 5> <4 2 8> <5 3 5> <6 9 5>
     <7 6 2> <8 0 9> <9 8 6> <10 2 3> <11 3 5> <12 0 6>
     <13 6 4> <14 0 4> <15 9 2> <16 6 5> <17 6 6> <18 0 7>
     <19 3 4> <20 6 9> <21 2 1> <22 2 7> <23 6 1> <24 3 9>
     <25 0 7>};
