nLocation = 30;
AreaWidth = 10;
Horizen = 1440;
MaxAirTime = 60;
ChargingTime = 5;
VehicleLocation =  [1 2 3 4 5 6 7 8 9 10 11 12 13 14 15 16 17 18 19 20 21 22 23 24 25 26 27 28
     29 30 0 0 0 0 0 0 0 0 0 0 0 0 0 0 0 0 0 0 0 0 0 0 0 0 0 0 0 0 0 0];
InitialMissionCompleteTime =  [20 17 33 39 19 12 27 47 26 6 22 16 10 31 11 16 15 44 32 38 32 22 13 24 8 28
     13 25 40 19];
Tasks =  {<"on" 1 1 9 9 0 20>
     <"charge" 1 100 9 9 26 31>
     <"on" 1 2 9 9 20 68>
     <"charge" 1 200 9 9 74 79>
     <"on" 1 3 9 9 68 116>
     <"charge" 1 300 9 9 122 127>
     <"on" 1 4 9 9 116 164>
     <"charge" 1 400 9 9 170 175>
     <"on" 1 5 9 9 164 212>
     <"charge" 1 500 9 9 218 223>
     <"on" 1 6 9 9 212 260>
     <"charge" 1 600 9 9 266 271>
     <"on" 1 7 9 9 260 308>
     <"charge" 1 700 9 9 314 319>
     <"on" 1 8 9 9 308 356>
     <"charge" 1 800 9 9 362 367>
     <"on" 1 9 9 9 356 404>
     <"charge" 1 900 9 9 410 415>
     <"on" 1 10 9 9 404 452>
     <"charge" 1 1000 9 9 458 463>
     <"on" 1 11 9 9 452 500>
     <"charge" 1 1100 9 9 506 511>
     <"on" 1 12 9 9 500 548>
     <"charge" 1 1200 9 9 554 559>
     <"on" 1 13 9 9 548 596>
     <"charge" 1 1300 9 9 602 607>
     <"on" 1 14 9 9 596 644>
     <"charge" 1 1400 9 9 650 655>
     <"on" 1 15 9 9 644 692>
     <"charge" 1 1500 9 9 698 703>
     <"on" 1 16 9 9 692 740>
     <"charge" 1 1600 9 9 746 751>
     <"on" 1 17 9 9 740 788>
     <"charge" 1 1700 9 9 794 799>
     <"on" 1 18 9 9 788 836>
     <"charge" 1 1800 9 9 842 847>
     <"on" 1 19 9 9 836 884>
     <"charge" 1 1900 9 9 890 895>
     <"on" 1 20 9 9 884 932>
     <"charge" 1 2000 9 9 938 943>
     <"on" 1 21 9 9 932 980>
     <"charge" 1 2100 9 9 986 991>
     <"on" 1 22 9 9 980 1028>
     <"charge" 1 2200 9 9 1034 1039>
     <"on" 1 23 9 9 1028 1076>
     <"charge" 1 2300 9 9 1082 1087>
     <"on" 1 24 9 9 1076 1124>
     <"charge" 1 2400 9 9 1130 1135>
     <"on" 1 25 9 9 1124 1172>
     <"charge" 1 2500 9 9 1178 1183>
     <"on" 1 26 9 9 1172 1220>
     <"charge" 1 2600 9 9 1226 1231>
     <"on" 1 27 9 9 1220 1268>
     <"charge" 1 2700 9 9 1274 1279>
     <"on" 1 28 9 9 1268 1316>
     <"charge" 1 2800 9 9 1322 1327>
     <"on" 1 29 9 9 1316 1364>
     <"charge" 1 2900 9 9 1370 1375>
     <"on" 1 30 9 9 1364 1412>
     <"charge" 1 3000 9 9 1418 1423>
     <"on" 1 31 9 9 1412 1440>
     <"on" 2 1 1 3 0 17>
     <"charge" 2 100 1 3 21 26>
     <"on" 2 2 1 3 17 69>
     <"charge" 2 200 1 3 73 78>
     <"on" 2 3 1 3 69 121>
     <"charge" 2 300 1 3 125 130>
     <"on" 2 4 1 3 121 173>
     <"charge" 2 400 1 3 177 182>
     <"on" 2 5 1 3 173 225>
     <"charge" 2 500 1 3 229 234>
     <"on" 2 6 1 3 225 277>
     <"charge" 2 600 1 3 281 286>
     <"on" 2 7 1 3 277 329>
     <"charge" 2 700 1 3 333 338>
     <"on" 2 8 1 3 329 381>
     <"charge" 2 800 1 3 385 390>
     <"on" 2 9 1 3 381 433>
     <"charge" 2 900 1 3 437 442>
     <"on" 2 10 1 3 433 485>
     <"charge" 2 1000 1 3 489 494>
     <"on" 2 11 1 3 485 537>
     <"charge" 2 1100 1 3 541 546>
     <"on" 2 12 1 3 537 589>
     <"charge" 2 1200 1 3 593 598>
     <"on" 2 13 1 3 589 641>
     <"charge" 2 1300 1 3 645 650>
     <"on" 2 14 1 3 641 693>
     <"charge" 2 1400 1 3 697 702>
     <"on" 2 15 1 3 693 745>
     <"charge" 2 1500 1 3 749 754>
     <"on" 2 16 1 3 745 797>
     <"charge" 2 1600 1 3 801 806>
     <"on" 2 17 1 3 797 849>
     <"charge" 2 1700 1 3 853 858>
     <"on" 2 18 1 3 849 901>
     <"charge" 2 1800 1 3 905 910>
     <"on" 2 19 1 3 901 953>
     <"charge" 2 1900 1 3 957 962>
     <"on" 2 20 1 3 953 1005>
     <"charge" 2 2000 1 3 1009 1014>
     <"on" 2 21 1 3 1005 1057>
     <"charge" 2 2100 1 3 1061 1066>
     <"on" 2 22 1 3 1057 1109>
     <"charge" 2 2200 1 3 1113 1118>
     <"on" 2 23 1 3 1109 1161>
     <"charge" 2 2300 1 3 1165 1170>
     <"on" 2 24 1 3 1161 1213>
     <"charge" 2 2400 1 3 1217 1222>
     <"on" 2 25 1 3 1213 1265>
     <"charge" 2 2500 1 3 1269 1274>
     <"on" 2 26 1 3 1265 1317>
     <"charge" 2 2600 1 3 1321 1326>
     <"on" 2 27 1 3 1317 1369>
     <"charge" 2 2700 1 3 1373 1378>
     <"on" 2 28 1 3 1369 1421>
     <"charge" 2 2800 1 3 1425 1430>
     <"on" 2 29 1 3 1421 1440>
     <"on" 3 1 9 4 0 33>
     <"charge" 3 100 9 4 37 42>
     <"on" 3 2 9 4 33 85>
     <"charge" 3 200 9 4 89 94>
     <"on" 3 3 9 4 85 137>
     <"charge" 3 300 9 4 141 146>
     <"on" 3 4 9 4 137 189>
     <"charge" 3 400 9 4 193 198>
     <"on" 3 5 9 4 189 241>
     <"charge" 3 500 9 4 245 250>
     <"on" 3 6 9 4 241 293>
     <"charge" 3 600 9 4 297 302>
     <"on" 3 7 9 4 293 345>
     <"charge" 3 700 9 4 349 354>
     <"on" 3 8 9 4 345 397>
     <"charge" 3 800 9 4 401 406>
     <"on" 3 9 9 4 397 449>
     <"charge" 3 900 9 4 453 458>
     <"on" 3 10 9 4 449 501>
     <"charge" 3 1000 9 4 505 510>
     <"on" 3 11 9 4 501 553>
     <"charge" 3 1100 9 4 557 562>
     <"on" 3 12 9 4 553 605>
     <"charge" 3 1200 9 4 609 614>
     <"on" 3 13 9 4 605 657>
     <"charge" 3 1300 9 4 661 666>
     <"on" 3 14 9 4 657 709>
     <"charge" 3 1400 9 4 713 718>
     <"on" 3 15 9 4 709 761>
     <"charge" 3 1500 9 4 765 770>
     <"on" 3 16 9 4 761 813>
     <"charge" 3 1600 9 4 817 822>
     <"on" 3 17 9 4 813 865>
     <"charge" 3 1700 9 4 869 874>
     <"on" 3 18 9 4 865 917>
     <"charge" 3 1800 9 4 921 926>
     <"on" 3 19 9 4 917 969>
     <"charge" 3 1900 9 4 973 978>
     <"on" 3 20 9 4 969 1021>
     <"charge" 3 2000 9 4 1025 1030>
     <"on" 3 21 9 4 1021 1073>
     <"charge" 3 2100 9 4 1077 1082>
     <"on" 3 22 9 4 1073 1125>
     <"charge" 3 2200 9 4 1129 1134>
     <"on" 3 23 9 4 1125 1177>
     <"charge" 3 2300 9 4 1181 1186>
     <"on" 3 24 9 4 1177 1229>
     <"charge" 3 2400 9 4 1233 1238>
     <"on" 3 25 9 4 1229 1281>
     <"charge" 3 2500 9 4 1285 1290>
     <"on" 3 26 9 4 1281 1333>
     <"charge" 3 2600 9 4 1337 1342>
     <"on" 3 27 9 4 1333 1385>
     <"charge" 3 2700 9 4 1389 1394>
     <"on" 3 28 9 4 1385 1437>
     <"on" 4 1 2 8 0 39>
     <"charge" 4 100 2 8 43 48>
     <"on" 4 2 2 8 39 91>
     <"charge" 4 200 2 8 95 100>
     <"on" 4 3 2 8 91 143>
     <"charge" 4 300 2 8 147 152>
     <"on" 4 4 2 8 143 195>
     <"charge" 4 400 2 8 199 204>
     <"on" 4 5 2 8 195 247>
     <"charge" 4 500 2 8 251 256>
     <"on" 4 6 2 8 247 299>
     <"charge" 4 600 2 8 303 308>
     <"on" 4 7 2 8 299 351>
     <"charge" 4 700 2 8 355 360>
     <"on" 4 8 2 8 351 403>
     <"charge" 4 800 2 8 407 412>
     <"on" 4 9 2 8 403 455>
     <"charge" 4 900 2 8 459 464>
     <"on" 4 10 2 8 455 507>
     <"charge" 4 1000 2 8 511 516>
     <"on" 4 11 2 8 507 559>
     <"charge" 4 1100 2 8 563 568>
     <"on" 4 12 2 8 559 611>
     <"charge" 4 1200 2 8 615 620>
     <"on" 4 13 2 8 611 663>
     <"charge" 4 1300 2 8 667 672>
     <"on" 4 14 2 8 663 715>
     <"charge" 4 1400 2 8 719 724>
     <"on" 4 15 2 8 715 767>
     <"charge" 4 1500 2 8 771 776>
     <"on" 4 16 2 8 767 819>
     <"charge" 4 1600 2 8 823 828>
     <"on" 4 17 2 8 819 871>
     <"charge" 4 1700 2 8 875 880>
     <"on" 4 18 2 8 871 923>
     <"charge" 4 1800 2 8 927 932>
     <"on" 4 19 2 8 923 975>
     <"charge" 4 1900 2 8 979 984>
     <"on" 4 20 2 8 975 1027>
     <"charge" 4 2000 2 8 1031 1036>
     <"on" 4 21 2 8 1027 1079>
     <"charge" 4 2100 2 8 1083 1088>
     <"on" 4 22 2 8 1079 1131>
     <"charge" 4 2200 2 8 1135 1140>
     <"on" 4 23 2 8 1131 1183>
     <"charge" 4 2300 2 8 1187 1192>
     <"on" 4 24 2 8 1183 1235>
     <"charge" 4 2400 2 8 1239 1244>
     <"on" 4 25 2 8 1235 1287>
     <"charge" 4 2500 2 8 1291 1296>
     <"on" 4 26 2 8 1287 1339>
     <"charge" 4 2600 2 8 1343 1348>
     <"on" 4 27 2 8 1339 1391>
     <"charge" 4 2700 2 8 1395 1400>
     <"on" 4 28 2 8 1391 1440>
     <"on" 5 1 4 5 0 19>
     <"charge" 5 100 4 5 20 25>
     <"on" 5 2 4 5 19 77>
     <"charge" 5 200 4 5 78 83>
     <"on" 5 3 4 5 77 135>
     <"charge" 5 300 4 5 136 141>
     <"on" 5 4 4 5 135 193>
     <"charge" 5 400 4 5 194 199>
     <"on" 5 5 4 5 193 251>
     <"charge" 5 500 4 5 252 257>
     <"on" 5 6 4 5 251 309>
     <"charge" 5 600 4 5 310 315>
     <"on" 5 7 4 5 309 367>
     <"charge" 5 700 4 5 368 373>
     <"on" 5 8 4 5 367 425>
     <"charge" 5 800 4 5 426 431>
     <"on" 5 9 4 5 425 483>
     <"charge" 5 900 4 5 484 489>
     <"on" 5 10 4 5 483 541>
     <"charge" 5 1000 4 5 542 547>
     <"on" 5 11 4 5 541 599>
     <"charge" 5 1100 4 5 600 605>
     <"on" 5 12 4 5 599 657>
     <"charge" 5 1200 4 5 658 663>
     <"on" 5 13 4 5 657 715>
     <"charge" 5 1300 4 5 716 721>
     <"on" 5 14 4 5 715 773>
     <"charge" 5 1400 4 5 774 779>
     <"on" 5 15 4 5 773 831>
     <"charge" 5 1500 4 5 832 837>
     <"on" 5 16 4 5 831 889>
     <"charge" 5 1600 4 5 890 895>
     <"on" 5 17 4 5 889 947>
     <"charge" 5 1700 4 5 948 953>
     <"on" 5 18 4 5 947 1005>
     <"charge" 5 1800 4 5 1006 1011>
     <"on" 5 19 4 5 1005 1063>
     <"charge" 5 1900 4 5 1064 1069>
     <"on" 5 20 4 5 1063 1121>
     <"charge" 5 2000 4 5 1122 1127>
     <"on" 5 21 4 5 1121 1179>
     <"charge" 5 2100 4 5 1180 1185>
     <"on" 5 22 4 5 1179 1237>
     <"charge" 5 2200 4 5 1238 1243>
     <"on" 5 23 4 5 1237 1295>
     <"charge" 5 2300 4 5 1296 1301>
     <"on" 5 24 4 5 1295 1353>
     <"charge" 5 2400 4 5 1354 1359>
     <"on" 5 25 4 5 1353 1411>
     <"charge" 5 2500 4 5 1412 1417>
     <"on" 5 26 4 5 1411 1440>
     <"on" 6 1 5 4 0 12>
     <"charge" 6 100 5 4 13 18>
     <"on" 6 2 5 4 12 70>
     <"charge" 6 200 5 4 71 76>
     <"on" 6 3 5 4 70 128>
     <"charge" 6 300 5 4 129 134>
     <"on" 6 4 5 4 128 186>
     <"charge" 6 400 5 4 187 192>
     <"on" 6 5 5 4 186 244>
     <"charge" 6 500 5 4 245 250>
     <"on" 6 6 5 4 244 302>
     <"charge" 6 600 5 4 303 308>
     <"on" 6 7 5 4 302 360>
     <"charge" 6 700 5 4 361 366>
     <"on" 6 8 5 4 360 418>
     <"charge" 6 800 5 4 419 424>
     <"on" 6 9 5 4 418 476>
     <"charge" 6 900 5 4 477 482>
     <"on" 6 10 5 4 476 534>
     <"charge" 6 1000 5 4 535 540>
     <"on" 6 11 5 4 534 592>
     <"charge" 6 1100 5 4 593 598>
     <"on" 6 12 5 4 592 650>
     <"charge" 6 1200 5 4 651 656>
     <"on" 6 13 5 4 650 708>
     <"charge" 6 1300 5 4 709 714>
     <"on" 6 14 5 4 708 766>
     <"charge" 6 1400 5 4 767 772>
     <"on" 6 15 5 4 766 824>
     <"charge" 6 1500 5 4 825 830>
     <"on" 6 16 5 4 824 882>
     <"charge" 6 1600 5 4 883 888>
     <"on" 6 17 5 4 882 940>
     <"charge" 6 1700 5 4 941 946>
     <"on" 6 18 5 4 940 998>
     <"charge" 6 1800 5 4 999 1004>
     <"on" 6 19 5 4 998 1056>
     <"charge" 6 1900 5 4 1057 1062>
     <"on" 6 20 5 4 1056 1114>
     <"charge" 6 2000 5 4 1115 1120>
     <"on" 6 21 5 4 1114 1172>
     <"charge" 6 2100 5 4 1173 1178>
     <"on" 6 22 5 4 1172 1230>
     <"charge" 6 2200 5 4 1231 1236>
     <"on" 6 23 5 4 1230 1288>
     <"charge" 6 2300 5 4 1289 1294>
     <"on" 6 24 5 4 1288 1346>
     <"charge" 6 2400 5 4 1347 1352>
     <"on" 6 25 5 4 1346 1404>
     <"charge" 6 2500 5 4 1405 1410>
     <"on" 6 26 5 4 1404 1440>
     <"on" 7 1 2 0 0 27>
     <"charge" 7 100 2 0 33 38>
     <"on" 7 2 2 0 27 75>
     <"charge" 7 200 2 0 81 86>
     <"on" 7 3 2 0 75 123>
     <"charge" 7 300 2 0 129 134>
     <"on" 7 4 2 0 123 171>
     <"charge" 7 400 2 0 177 182>
     <"on" 7 5 2 0 171 219>
     <"charge" 7 500 2 0 225 230>
     <"on" 7 6 2 0 219 267>
     <"charge" 7 600 2 0 273 278>
     <"on" 7 7 2 0 267 315>
     <"charge" 7 700 2 0 321 326>
     <"on" 7 8 2 0 315 363>
     <"charge" 7 800 2 0 369 374>
     <"on" 7 9 2 0 363 411>
     <"charge" 7 900 2 0 417 422>
     <"on" 7 10 2 0 411 459>
     <"charge" 7 1000 2 0 465 470>
     <"on" 7 11 2 0 459 507>
     <"charge" 7 1100 2 0 513 518>
     <"on" 7 12 2 0 507 555>
     <"charge" 7 1200 2 0 561 566>
     <"on" 7 13 2 0 555 603>
     <"charge" 7 1300 2 0 609 614>
     <"on" 7 14 2 0 603 651>
     <"charge" 7 1400 2 0 657 662>
     <"on" 7 15 2 0 651 699>
     <"charge" 7 1500 2 0 705 710>
     <"on" 7 16 2 0 699 747>
     <"charge" 7 1600 2 0 753 758>
     <"on" 7 17 2 0 747 795>
     <"charge" 7 1700 2 0 801 806>
     <"on" 7 18 2 0 795 843>
     <"charge" 7 1800 2 0 849 854>
     <"on" 7 19 2 0 843 891>
     <"charge" 7 1900 2 0 897 902>
     <"on" 7 20 2 0 891 939>
     <"charge" 7 2000 2 0 945 950>
     <"on" 7 21 2 0 939 987>
     <"charge" 7 2100 2 0 993 998>
     <"on" 7 22 2 0 987 1035>
     <"charge" 7 2200 2 0 1041 1046>
     <"on" 7 23 2 0 1035 1083>
     <"charge" 7 2300 2 0 1089 1094>
     <"on" 7 24 2 0 1083 1131>
     <"charge" 7 2400 2 0 1137 1142>
     <"on" 7 25 2 0 1131 1179>
     <"charge" 7 2500 2 0 1185 1190>
     <"on" 7 26 2 0 1179 1227>
     <"charge" 7 2600 2 0 1233 1238>
     <"on" 7 27 2 0 1227 1275>
     <"charge" 7 2700 2 0 1281 1286>
     <"on" 7 28 2 0 1275 1323>
     <"charge" 7 2800 2 0 1329 1334>
     <"on" 7 29 2 0 1323 1371>
     <"charge" 7 2900 2 0 1377 1382>
     <"on" 7 30 2 0 1371 1419>
     <"charge" 7 3000 2 0 1425 1430>
     <"on" 7 31 2 0 1419 1440>
     <"on" 8 1 7 1 0 47>
     <"charge" 8 100 7 1 51 56>
     <"on" 8 2 7 1 47 99>
     <"charge" 8 200 7 1 103 108>
     <"on" 8 3 7 1 99 151>
     <"charge" 8 300 7 1 155 160>
     <"on" 8 4 7 1 151 203>
     <"charge" 8 400 7 1 207 212>
     <"on" 8 5 7 1 203 255>
     <"charge" 8 500 7 1 259 264>
     <"on" 8 6 7 1 255 307>
     <"charge" 8 600 7 1 311 316>
     <"on" 8 7 7 1 307 359>
     <"charge" 8 700 7 1 363 368>
     <"on" 8 8 7 1 359 411>
     <"charge" 8 800 7 1 415 420>
     <"on" 8 9 7 1 411 463>
     <"charge" 8 900 7 1 467 472>
     <"on" 8 10 7 1 463 515>
     <"charge" 8 1000 7 1 519 524>
     <"on" 8 11 7 1 515 567>
     <"charge" 8 1100 7 1 571 576>
     <"on" 8 12 7 1 567 619>
     <"charge" 8 1200 7 1 623 628>
     <"on" 8 13 7 1 619 671>
     <"charge" 8 1300 7 1 675 680>
     <"on" 8 14 7 1 671 723>
     <"charge" 8 1400 7 1 727 732>
     <"on" 8 15 7 1 723 775>
     <"charge" 8 1500 7 1 779 784>
     <"on" 8 16 7 1 775 827>
     <"charge" 8 1600 7 1 831 836>
     <"on" 8 17 7 1 827 879>
     <"charge" 8 1700 7 1 883 888>
     <"on" 8 18 7 1 879 931>
     <"charge" 8 1800 7 1 935 940>
     <"on" 8 19 7 1 931 983>
     <"charge" 8 1900 7 1 987 992>
     <"on" 8 20 7 1 983 1035>
     <"charge" 8 2000 7 1 1039 1044>
     <"on" 8 21 7 1 1035 1087>
     <"charge" 8 2100 7 1 1091 1096>
     <"on" 8 22 7 1 1087 1139>
     <"charge" 8 2200 7 1 1143 1148>
     <"on" 8 23 7 1 1139 1191>
     <"charge" 8 2300 7 1 1195 1200>
     <"on" 8 24 7 1 1191 1243>
     <"charge" 8 2400 7 1 1247 1252>
     <"on" 8 25 7 1 1243 1295>
     <"charge" 8 2500 7 1 1299 1304>
     <"on" 8 26 7 1 1295 1347>
     <"charge" 8 2600 7 1 1351 1356>
     <"on" 8 27 7 1 1347 1399>
     <"charge" 8 2700 7 1 1403 1408>
     <"on" 8 28 7 1 1399 1440>
     <"on" 9 1 5 3 0 26>
     <"charge" 9 100 5 3 28 33>
     <"on" 9 2 5 3 26 82>
     <"charge" 9 200 5 3 84 89>
     <"on" 9 3 5 3 82 138>
     <"charge" 9 300 5 3 140 145>
     <"on" 9 4 5 3 138 194>
     <"charge" 9 400 5 3 196 201>
     <"on" 9 5 5 3 194 250>
     <"charge" 9 500 5 3 252 257>
     <"on" 9 6 5 3 250 306>
     <"charge" 9 600 5 3 308 313>
     <"on" 9 7 5 3 306 362>
     <"charge" 9 700 5 3 364 369>
     <"on" 9 8 5 3 362 418>
     <"charge" 9 800 5 3 420 425>
     <"on" 9 9 5 3 418 474>
     <"charge" 9 900 5 3 476 481>
     <"on" 9 10 5 3 474 530>
     <"charge" 9 1000 5 3 532 537>
     <"on" 9 11 5 3 530 586>
     <"charge" 9 1100 5 3 588 593>
     <"on" 9 12 5 3 586 642>
     <"charge" 9 1200 5 3 644 649>
     <"on" 9 13 5 3 642 698>
     <"charge" 9 1300 5 3 700 705>
     <"on" 9 14 5 3 698 754>
     <"charge" 9 1400 5 3 756 761>
     <"on" 9 15 5 3 754 810>
     <"charge" 9 1500 5 3 812 817>
     <"on" 9 16 5 3 810 866>
     <"charge" 9 1600 5 3 868 873>
     <"on" 9 17 5 3 866 922>
     <"charge" 9 1700 5 3 924 929>
     <"on" 9 18 5 3 922 978>
     <"charge" 9 1800 5 3 980 985>
     <"on" 9 19 5 3 978 1034>
     <"charge" 9 1900 5 3 1036 1041>
     <"on" 9 20 5 3 1034 1090>
     <"charge" 9 2000 5 3 1092 1097>
     <"on" 9 21 5 3 1090 1146>
     <"charge" 9 2100 5 3 1148 1153>
     <"on" 9 22 5 3 1146 1202>
     <"charge" 9 2200 5 3 1204 1209>
     <"on" 9 23 5 3 1202 1258>
     <"charge" 9 2300 5 3 1260 1265>
     <"on" 9 24 5 3 1258 1314>
     <"charge" 9 2400 5 3 1316 1321>
     <"on" 9 25 5 3 1314 1370>
     <"charge" 9 2500 5 3 1372 1377>
     <"on" 9 26 5 3 1370 1426>
     <"charge" 9 2600 5 3 1428 1433>
     <"on" 9 27 5 3 1426 1440>
     <"on" 10 1 9 9 0 6>
     <"charge" 10 100 9 9 12 17>
     <"on" 10 2 9 9 6 54>
     <"charge" 10 200 9 9 60 65>
     <"on" 10 3 9 9 54 102>
     <"charge" 10 300 9 9 108 113>
     <"on" 10 4 9 9 102 150>
     <"charge" 10 400 9 9 156 161>
     <"on" 10 5 9 9 150 198>
     <"charge" 10 500 9 9 204 209>
     <"on" 10 6 9 9 198 246>
     <"charge" 10 600 9 9 252 257>
     <"on" 10 7 9 9 246 294>
     <"charge" 10 700 9 9 300 305>
     <"on" 10 8 9 9 294 342>
     <"charge" 10 800 9 9 348 353>
     <"on" 10 9 9 9 342 390>
     <"charge" 10 900 9 9 396 401>
     <"on" 10 10 9 9 390 438>
     <"charge" 10 1000 9 9 444 449>
     <"on" 10 11 9 9 438 486>
     <"charge" 10 1100 9 9 492 497>
     <"on" 10 12 9 9 486 534>
     <"charge" 10 1200 9 9 540 545>
     <"on" 10 13 9 9 534 582>
     <"charge" 10 1300 9 9 588 593>
     <"on" 10 14 9 9 582 630>
     <"charge" 10 1400 9 9 636 641>
     <"on" 10 15 9 9 630 678>
     <"charge" 10 1500 9 9 684 689>
     <"on" 10 16 9 9 678 726>
     <"charge" 10 1600 9 9 732 737>
     <"on" 10 17 9 9 726 774>
     <"charge" 10 1700 9 9 780 785>
     <"on" 10 18 9 9 774 822>
     <"charge" 10 1800 9 9 828 833>
     <"on" 10 19 9 9 822 870>
     <"charge" 10 1900 9 9 876 881>
     <"on" 10 20 9 9 870 918>
     <"charge" 10 2000 9 9 924 929>
     <"on" 10 21 9 9 918 966>
     <"charge" 10 2100 9 9 972 977>
     <"on" 10 22 9 9 966 1014>
     <"charge" 10 2200 9 9 1020 1025>
     <"on" 10 23 9 9 1014 1062>
     <"charge" 10 2300 9 9 1068 1073>
     <"on" 10 24 9 9 1062 1110>
     <"charge" 10 2400 9 9 1116 1121>
     <"on" 10 25 9 9 1110 1158>
     <"charge" 10 2500 9 9 1164 1169>
     <"on" 10 26 9 9 1158 1206>
     <"charge" 10 2600 9 9 1212 1217>
     <"on" 10 27 9 9 1206 1254>
     <"charge" 10 2700 9 9 1260 1265>
     <"on" 10 28 9 9 1254 1302>
     <"charge" 10 2800 9 9 1308 1313>
     <"on" 10 29 9 9 1302 1350>
     <"charge" 10 2900 9 9 1356 1361>
     <"on" 10 30 9 9 1350 1398>
     <"charge" 10 3000 9 9 1404 1409>
     <"on" 10 31 9 9 1398 1440>
     <"on" 11 1 3 5 0 22>
     <"charge" 11 100 3 5 24 29>
     <"on" 11 2 3 5 22 78>
     <"charge" 11 200 3 5 80 85>
     <"on" 11 3 3 5 78 134>
     <"charge" 11 300 3 5 136 141>
     <"on" 11 4 3 5 134 190>
     <"charge" 11 400 3 5 192 197>
     <"on" 11 5 3 5 190 246>
     <"charge" 11 500 3 5 248 253>
     <"on" 11 6 3 5 246 302>
     <"charge" 11 600 3 5 304 309>
     <"on" 11 7 3 5 302 358>
     <"charge" 11 700 3 5 360 365>
     <"on" 11 8 3 5 358 414>
     <"charge" 11 800 3 5 416 421>
     <"on" 11 9 3 5 414 470>
     <"charge" 11 900 3 5 472 477>
     <"on" 11 10 3 5 470 526>
     <"charge" 11 1000 3 5 528 533>
     <"on" 11 11 3 5 526 582>
     <"charge" 11 1100 3 5 584 589>
     <"on" 11 12 3 5 582 638>
     <"charge" 11 1200 3 5 640 645>
     <"on" 11 13 3 5 638 694>
     <"charge" 11 1300 3 5 696 701>
     <"on" 11 14 3 5 694 750>
     <"charge" 11 1400 3 5 752 757>
     <"on" 11 15 3 5 750 806>
     <"charge" 11 1500 3 5 808 813>
     <"on" 11 16 3 5 806 862>
     <"charge" 11 1600 3 5 864 869>
     <"on" 11 17 3 5 862 918>
     <"charge" 11 1700 3 5 920 925>
     <"on" 11 18 3 5 918 974>
     <"charge" 11 1800 3 5 976 981>
     <"on" 11 19 3 5 974 1030>
     <"charge" 11 1900 3 5 1032 1037>
     <"on" 11 20 3 5 1030 1086>
     <"charge" 11 2000 3 5 1088 1093>
     <"on" 11 21 3 5 1086 1142>
     <"charge" 11 2100 3 5 1144 1149>
     <"on" 11 22 3 5 1142 1198>
     <"charge" 11 2200 3 5 1200 1205>
     <"on" 11 23 3 5 1198 1254>
     <"charge" 11 2300 3 5 1256 1261>
     <"on" 11 24 3 5 1254 1310>
     <"charge" 11 2400 3 5 1312 1317>
     <"on" 11 25 3 5 1310 1366>
     <"charge" 11 2500 3 5 1368 1373>
     <"on" 11 26 3 5 1366 1422>
     <"charge" 11 2600 3 5 1424 1429>
     <"on" 11 27 3 5 1422 1440>
     <"on" 12 1 2 8 0 16>
     <"charge" 12 100 2 8 20 25>
     <"on" 12 2 2 8 16 68>
     <"charge" 12 200 2 8 72 77>
     <"on" 12 3 2 8 68 120>
     <"charge" 12 300 2 8 124 129>
     <"on" 12 4 2 8 120 172>
     <"charge" 12 400 2 8 176 181>
     <"on" 12 5 2 8 172 224>
     <"charge" 12 500 2 8 228 233>
     <"on" 12 6 2 8 224 276>
     <"charge" 12 600 2 8 280 285>
     <"on" 12 7 2 8 276 328>
     <"charge" 12 700 2 8 332 337>
     <"on" 12 8 2 8 328 380>
     <"charge" 12 800 2 8 384 389>
     <"on" 12 9 2 8 380 432>
     <"charge" 12 900 2 8 436 441>
     <"on" 12 10 2 8 432 484>
     <"charge" 12 1000 2 8 488 493>
     <"on" 12 11 2 8 484 536>
     <"charge" 12 1100 2 8 540 545>
     <"on" 12 12 2 8 536 588>
     <"charge" 12 1200 2 8 592 597>
     <"on" 12 13 2 8 588 640>
     <"charge" 12 1300 2 8 644 649>
     <"on" 12 14 2 8 640 692>
     <"charge" 12 1400 2 8 696 701>
     <"on" 12 15 2 8 692 744>
     <"charge" 12 1500 2 8 748 753>
     <"on" 12 16 2 8 744 796>
     <"charge" 12 1600 2 8 800 805>
     <"on" 12 17 2 8 796 848>
     <"charge" 12 1700 2 8 852 857>
     <"on" 12 18 2 8 848 900>
     <"charge" 12 1800 2 8 904 909>
     <"on" 12 19 2 8 900 952>
     <"charge" 12 1900 2 8 956 961>
     <"on" 12 20 2 8 952 1004>
     <"charge" 12 2000 2 8 1008 1013>
     <"on" 12 21 2 8 1004 1056>
     <"charge" 12 2100 2 8 1060 1065>
     <"on" 12 22 2 8 1056 1108>
     <"charge" 12 2200 2 8 1112 1117>
     <"on" 12 23 2 8 1108 1160>
     <"charge" 12 2300 2 8 1164 1169>
     <"on" 12 24 2 8 1160 1212>
     <"charge" 12 2400 2 8 1216 1221>
     <"on" 12 25 2 8 1212 1264>
     <"charge" 12 2500 2 8 1268 1273>
     <"on" 12 26 2 8 1264 1316>
     <"charge" 12 2600 2 8 1320 1325>
     <"on" 12 27 2 8 1316 1368>
     <"charge" 12 2700 2 8 1372 1377>
     <"on" 12 28 2 8 1368 1420>
     <"charge" 12 2800 2 8 1424 1429>
     <"on" 12 29 2 8 1420 1440>
     <"on" 13 1 3 7 0 10>
     <"charge" 13 100 3 7 13 18>
     <"on" 13 2 3 7 10 64>
     <"charge" 13 200 3 7 67 72>
     <"on" 13 3 3 7 64 118>
     <"charge" 13 300 3 7 121 126>
     <"on" 13 4 3 7 118 172>
     <"charge" 13 400 3 7 175 180>
     <"on" 13 5 3 7 172 226>
     <"charge" 13 500 3 7 229 234>
     <"on" 13 6 3 7 226 280>
     <"charge" 13 600 3 7 283 288>
     <"on" 13 7 3 7 280 334>
     <"charge" 13 700 3 7 337 342>
     <"on" 13 8 3 7 334 388>
     <"charge" 13 800 3 7 391 396>
     <"on" 13 9 3 7 388 442>
     <"charge" 13 900 3 7 445 450>
     <"on" 13 10 3 7 442 496>
     <"charge" 13 1000 3 7 499 504>
     <"on" 13 11 3 7 496 550>
     <"charge" 13 1100 3 7 553 558>
     <"on" 13 12 3 7 550 604>
     <"charge" 13 1200 3 7 607 612>
     <"on" 13 13 3 7 604 658>
     <"charge" 13 1300 3 7 661 666>
     <"on" 13 14 3 7 658 712>
     <"charge" 13 1400 3 7 715 720>
     <"on" 13 15 3 7 712 766>
     <"charge" 13 1500 3 7 769 774>
     <"on" 13 16 3 7 766 820>
     <"charge" 13 1600 3 7 823 828>
     <"on" 13 17 3 7 820 874>
     <"charge" 13 1700 3 7 877 882>
     <"on" 13 18 3 7 874 928>
     <"charge" 13 1800 3 7 931 936>
     <"on" 13 19 3 7 928 982>
     <"charge" 13 1900 3 7 985 990>
     <"on" 13 20 3 7 982 1036>
     <"charge" 13 2000 3 7 1039 1044>
     <"on" 13 21 3 7 1036 1090>
     <"charge" 13 2100 3 7 1093 1098>
     <"on" 13 22 3 7 1090 1144>
     <"charge" 13 2200 3 7 1147 1152>
     <"on" 13 23 3 7 1144 1198>
     <"charge" 13 2300 3 7 1201 1206>
     <"on" 13 24 3 7 1198 1252>
     <"charge" 13 2400 3 7 1255 1260>
     <"on" 13 25 3 7 1252 1306>
     <"charge" 13 2500 3 7 1309 1314>
     <"on" 13 26 3 7 1306 1360>
     <"charge" 13 2600 3 7 1363 1368>
     <"on" 13 27 3 7 1360 1414>
     <"charge" 13 2700 3 7 1417 1422>
     <"on" 13 28 3 7 1414 1440>
     <"on" 14 1 3 9 0 31>
     <"charge" 14 100 3 9 35 40>
     <"on" 14 2 3 9 31 83>
     <"charge" 14 200 3 9 87 92>
     <"on" 14 3 3 9 83 135>
     <"charge" 14 300 3 9 139 144>
     <"on" 14 4 3 9 135 187>
     <"charge" 14 400 3 9 191 196>
     <"on" 14 5 3 9 187 239>
     <"charge" 14 500 3 9 243 248>
     <"on" 14 6 3 9 239 291>
     <"charge" 14 600 3 9 295 300>
     <"on" 14 7 3 9 291 343>
     <"charge" 14 700 3 9 347 352>
     <"on" 14 8 3 9 343 395>
     <"charge" 14 800 3 9 399 404>
     <"on" 14 9 3 9 395 447>
     <"charge" 14 900 3 9 451 456>
     <"on" 14 10 3 9 447 499>
     <"charge" 14 1000 3 9 503 508>
     <"on" 14 11 3 9 499 551>
     <"charge" 14 1100 3 9 555 560>
     <"on" 14 12 3 9 551 603>
     <"charge" 14 1200 3 9 607 612>
     <"on" 14 13 3 9 603 655>
     <"charge" 14 1300 3 9 659 664>
     <"on" 14 14 3 9 655 707>
     <"charge" 14 1400 3 9 711 716>
     <"on" 14 15 3 9 707 759>
     <"charge" 14 1500 3 9 763 768>
     <"on" 14 16 3 9 759 811>
     <"charge" 14 1600 3 9 815 820>
     <"on" 14 17 3 9 811 863>
     <"charge" 14 1700 3 9 867 872>
     <"on" 14 18 3 9 863 915>
     <"charge" 14 1800 3 9 919 924>
     <"on" 14 19 3 9 915 967>
     <"charge" 14 1900 3 9 971 976>
     <"on" 14 20 3 9 967 1019>
     <"charge" 14 2000 3 9 1023 1028>
     <"on" 14 21 3 9 1019 1071>
     <"charge" 14 2100 3 9 1075 1080>
     <"on" 14 22 3 9 1071 1123>
     <"charge" 14 2200 3 9 1127 1132>
     <"on" 14 23 3 9 1123 1175>
     <"charge" 14 2300 3 9 1179 1184>
     <"on" 14 24 3 9 1175 1227>
     <"charge" 14 2400 3 9 1231 1236>
     <"on" 14 25 3 9 1227 1279>
     <"charge" 14 2500 3 9 1283 1288>
     <"on" 14 26 3 9 1279 1331>
     <"charge" 14 2600 3 9 1335 1340>
     <"on" 14 27 3 9 1331 1383>
     <"charge" 14 2700 3 9 1387 1392>
     <"on" 14 28 3 9 1383 1435>
     <"charge" 14 2800 3 9 1439 1440>
     <"on" 14 29 3 9 1435 1440>
     <"on" 15 1 9 4 0 11>
     <"charge" 15 100 9 4 15 20>
     <"on" 15 2 9 4 11 63>
     <"charge" 15 200 9 4 67 72>
     <"on" 15 3 9 4 63 115>
     <"charge" 15 300 9 4 119 124>
     <"on" 15 4 9 4 115 167>
     <"charge" 15 400 9 4 171 176>
     <"on" 15 5 9 4 167 219>
     <"charge" 15 500 9 4 223 228>
     <"on" 15 6 9 4 219 271>
     <"charge" 15 600 9 4 275 280>
     <"on" 15 7 9 4 271 323>
     <"charge" 15 700 9 4 327 332>
     <"on" 15 8 9 4 323 375>
     <"charge" 15 800 9 4 379 384>
     <"on" 15 9 9 4 375 427>
     <"charge" 15 900 9 4 431 436>
     <"on" 15 10 9 4 427 479>
     <"charge" 15 1000 9 4 483 488>
     <"on" 15 11 9 4 479 531>
     <"charge" 15 1100 9 4 535 540>
     <"on" 15 12 9 4 531 583>
     <"charge" 15 1200 9 4 587 592>
     <"on" 15 13 9 4 583 635>
     <"charge" 15 1300 9 4 639 644>
     <"on" 15 14 9 4 635 687>
     <"charge" 15 1400 9 4 691 696>
     <"on" 15 15 9 4 687 739>
     <"charge" 15 1500 9 4 743 748>
     <"on" 15 16 9 4 739 791>
     <"charge" 15 1600 9 4 795 800>
     <"on" 15 17 9 4 791 843>
     <"charge" 15 1700 9 4 847 852>
     <"on" 15 18 9 4 843 895>
     <"charge" 15 1800 9 4 899 904>
     <"on" 15 19 9 4 895 947>
     <"charge" 15 1900 9 4 951 956>
     <"on" 15 20 9 4 947 999>
     <"charge" 15 2000 9 4 1003 1008>
     <"on" 15 21 9 4 999 1051>
     <"charge" 15 2100 9 4 1055 1060>
     <"on" 15 22 9 4 1051 1103>
     <"charge" 15 2200 9 4 1107 1112>
     <"on" 15 23 9 4 1103 1155>
     <"charge" 15 2300 9 4 1159 1164>
     <"on" 15 24 9 4 1155 1207>
     <"charge" 15 2400 9 4 1211 1216>
     <"on" 15 25 9 4 1207 1259>
     <"charge" 15 2500 9 4 1263 1268>
     <"on" 15 26 9 4 1259 1311>
     <"charge" 15 2600 9 4 1315 1320>
     <"on" 15 27 9 4 1311 1363>
     <"charge" 15 2700 9 4 1367 1372>
     <"on" 15 28 9 4 1363 1415>
     <"charge" 15 2800 9 4 1419 1424>
     <"on" 15 29 9 4 1415 1440>
     <"on" 16 1 6 8 0 16>
     <"charge" 16 100 6 8 19 24>
     <"on" 16 2 6 8 16 70>
     <"charge" 16 200 6 8 73 78>
     <"on" 16 3 6 8 70 124>
     <"charge" 16 300 6 8 127 132>
     <"on" 16 4 6 8 124 178>
     <"charge" 16 400 6 8 181 186>
     <"on" 16 5 6 8 178 232>
     <"charge" 16 500 6 8 235 240>
     <"on" 16 6 6 8 232 286>
     <"charge" 16 600 6 8 289 294>
     <"on" 16 7 6 8 286 340>
     <"charge" 16 700 6 8 343 348>
     <"on" 16 8 6 8 340 394>
     <"charge" 16 800 6 8 397 402>
     <"on" 16 9 6 8 394 448>
     <"charge" 16 900 6 8 451 456>
     <"on" 16 10 6 8 448 502>
     <"charge" 16 1000 6 8 505 510>
     <"on" 16 11 6 8 502 556>
     <"charge" 16 1100 6 8 559 564>
     <"on" 16 12 6 8 556 610>
     <"charge" 16 1200 6 8 613 618>
     <"on" 16 13 6 8 610 664>
     <"charge" 16 1300 6 8 667 672>
     <"on" 16 14 6 8 664 718>
     <"charge" 16 1400 6 8 721 726>
     <"on" 16 15 6 8 718 772>
     <"charge" 16 1500 6 8 775 780>
     <"on" 16 16 6 8 772 826>
     <"charge" 16 1600 6 8 829 834>
     <"on" 16 17 6 8 826 880>
     <"charge" 16 1700 6 8 883 888>
     <"on" 16 18 6 8 880 934>
     <"charge" 16 1800 6 8 937 942>
     <"on" 16 19 6 8 934 988>
     <"charge" 16 1900 6 8 991 996>
     <"on" 16 20 6 8 988 1042>
     <"charge" 16 2000 6 8 1045 1050>
     <"on" 16 21 6 8 1042 1096>
     <"charge" 16 2100 6 8 1099 1104>
     <"on" 16 22 6 8 1096 1150>
     <"charge" 16 2200 6 8 1153 1158>
     <"on" 16 23 6 8 1150 1204>
     <"charge" 16 2300 6 8 1207 1212>
     <"on" 16 24 6 8 1204 1258>
     <"charge" 16 2400 6 8 1261 1266>
     <"on" 16 25 6 8 1258 1312>
     <"charge" 16 2500 6 8 1315 1320>
     <"on" 16 26 6 8 1312 1366>
     <"charge" 16 2600 6 8 1369 1374>
     <"on" 16 27 6 8 1366 1420>
     <"charge" 16 2700 6 8 1423 1428>
     <"on" 16 28 6 8 1420 1440>
     <"on" 17 1 5 1 0 15>
     <"charge" 17 100 5 1 19 24>
     <"on" 17 2 5 1 15 67>
     <"charge" 17 200 5 1 71 76>
     <"on" 17 3 5 1 67 119>
     <"charge" 17 300 5 1 123 128>
     <"on" 17 4 5 1 119 171>
     <"charge" 17 400 5 1 175 180>
     <"on" 17 5 5 1 171 223>
     <"charge" 17 500 5 1 227 232>
     <"on" 17 6 5 1 223 275>
     <"charge" 17 600 5 1 279 284>
     <"on" 17 7 5 1 275 327>
     <"charge" 17 700 5 1 331 336>
     <"on" 17 8 5 1 327 379>
     <"charge" 17 800 5 1 383 388>
     <"on" 17 9 5 1 379 431>
     <"charge" 17 900 5 1 435 440>
     <"on" 17 10 5 1 431 483>
     <"charge" 17 1000 5 1 487 492>
     <"on" 17 11 5 1 483 535>
     <"charge" 17 1100 5 1 539 544>
     <"on" 17 12 5 1 535 587>
     <"charge" 17 1200 5 1 591 596>
     <"on" 17 13 5 1 587 639>
     <"charge" 17 1300 5 1 643 648>
     <"on" 17 14 5 1 639 691>
     <"charge" 17 1400 5 1 695 700>
     <"on" 17 15 5 1 691 743>
     <"charge" 17 1500 5 1 747 752>
     <"on" 17 16 5 1 743 795>
     <"charge" 17 1600 5 1 799 804>
     <"on" 17 17 5 1 795 847>
     <"charge" 17 1700 5 1 851 856>
     <"on" 17 18 5 1 847 899>
     <"charge" 17 1800 5 1 903 908>
     <"on" 17 19 5 1 899 951>
     <"charge" 17 1900 5 1 955 960>
     <"on" 17 20 5 1 951 1003>
     <"charge" 17 2000 5 1 1007 1012>
     <"on" 17 21 5 1 1003 1055>
     <"charge" 17 2100 5 1 1059 1064>
     <"on" 17 22 5 1 1055 1107>
     <"charge" 17 2200 5 1 1111 1116>
     <"on" 17 23 5 1 1107 1159>
     <"charge" 17 2300 5 1 1163 1168>
     <"on" 17 24 5 1 1159 1211>
     <"charge" 17 2400 5 1 1215 1220>
     <"on" 17 25 5 1 1211 1263>
     <"charge" 17 2500 5 1 1267 1272>
     <"on" 17 26 5 1 1263 1315>
     <"charge" 17 2600 5 1 1319 1324>
     <"on" 17 27 5 1 1315 1367>
     <"charge" 17 2700 5 1 1371 1376>
     <"on" 17 28 5 1 1367 1419>
     <"charge" 17 2800 5 1 1423 1428>
     <"on" 17 29 5 1 1419 1440>
     <"on" 18 1 7 9 0 44>
     <"charge" 18 100 7 9 48 53>
     <"on" 18 2 7 9 44 96>
     <"charge" 18 200 7 9 100 105>
     <"on" 18 3 7 9 96 148>
     <"charge" 18 300 7 9 152 157>
     <"on" 18 4 7 9 148 200>
     <"charge" 18 400 7 9 204 209>
     <"on" 18 5 7 9 200 252>
     <"charge" 18 500 7 9 256 261>
     <"on" 18 6 7 9 252 304>
     <"charge" 18 600 7 9 308 313>
     <"on" 18 7 7 9 304 356>
     <"charge" 18 700 7 9 360 365>
     <"on" 18 8 7 9 356 408>
     <"charge" 18 800 7 9 412 417>
     <"on" 18 9 7 9 408 460>
     <"charge" 18 900 7 9 464 469>
     <"on" 18 10 7 9 460 512>
     <"charge" 18 1000 7 9 516 521>
     <"on" 18 11 7 9 512 564>
     <"charge" 18 1100 7 9 568 573>
     <"on" 18 12 7 9 564 616>
     <"charge" 18 1200 7 9 620 625>
     <"on" 18 13 7 9 616 668>
     <"charge" 18 1300 7 9 672 677>
     <"on" 18 14 7 9 668 720>
     <"charge" 18 1400 7 9 724 729>
     <"on" 18 15 7 9 720 772>
     <"charge" 18 1500 7 9 776 781>
     <"on" 18 16 7 9 772 824>
     <"charge" 18 1600 7 9 828 833>
     <"on" 18 17 7 9 824 876>
     <"charge" 18 1700 7 9 880 885>
     <"on" 18 18 7 9 876 928>
     <"charge" 18 1800 7 9 932 937>
     <"on" 18 19 7 9 928 980>
     <"charge" 18 1900 7 9 984 989>
     <"on" 18 20 7 9 980 1032>
     <"charge" 18 2000 7 9 1036 1041>
     <"on" 18 21 7 9 1032 1084>
     <"charge" 18 2100 7 9 1088 1093>
     <"on" 18 22 7 9 1084 1136>
     <"charge" 18 2200 7 9 1140 1145>
     <"on" 18 23 7 9 1136 1188>
     <"charge" 18 2300 7 9 1192 1197>
     <"on" 18 24 7 9 1188 1240>
     <"charge" 18 2400 7 9 1244 1249>
     <"on" 18 25 7 9 1240 1292>
     <"charge" 18 2500 7 9 1296 1301>
     <"on" 18 26 7 9 1292 1344>
     <"charge" 18 2600 7 9 1348 1353>
     <"on" 18 27 7 9 1344 1396>
     <"charge" 18 2700 7 9 1400 1405>
     <"on" 18 28 7 9 1396 1440>
     <"on" 19 1 8 6 0 32>
     <"charge" 19 100 8 6 35 40>
     <"on" 19 2 8 6 32 86>
     <"charge" 19 200 8 6 89 94>
     <"on" 19 3 8 6 86 140>
     <"charge" 19 300 8 6 143 148>
     <"on" 19 4 8 6 140 194>
     <"charge" 19 400 8 6 197 202>
     <"on" 19 5 8 6 194 248>
     <"charge" 19 500 8 6 251 256>
     <"on" 19 6 8 6 248 302>
     <"charge" 19 600 8 6 305 310>
     <"on" 19 7 8 6 302 356>
     <"charge" 19 700 8 6 359 364>
     <"on" 19 8 8 6 356 410>
     <"charge" 19 800 8 6 413 418>
     <"on" 19 9 8 6 410 464>
     <"charge" 19 900 8 6 467 472>
     <"on" 19 10 8 6 464 518>
     <"charge" 19 1000 8 6 521 526>
     <"on" 19 11 8 6 518 572>
     <"charge" 19 1100 8 6 575 580>
     <"on" 19 12 8 6 572 626>
     <"charge" 19 1200 8 6 629 634>
     <"on" 19 13 8 6 626 680>
     <"charge" 19 1300 8 6 683 688>
     <"on" 19 14 8 6 680 734>
     <"charge" 19 1400 8 6 737 742>
     <"on" 19 15 8 6 734 788>
     <"charge" 19 1500 8 6 791 796>
     <"on" 19 16 8 6 788 842>
     <"charge" 19 1600 8 6 845 850>
     <"on" 19 17 8 6 842 896>
     <"charge" 19 1700 8 6 899 904>
     <"on" 19 18 8 6 896 950>
     <"charge" 19 1800 8 6 953 958>
     <"on" 19 19 8 6 950 1004>
     <"charge" 19 1900 8 6 1007 1012>
     <"on" 19 20 8 6 1004 1058>
     <"charge" 19 2000 8 6 1061 1066>
     <"on" 19 21 8 6 1058 1112>
     <"charge" 19 2100 8 6 1115 1120>
     <"on" 19 22 8 6 1112 1166>
     <"charge" 19 2200 8 6 1169 1174>
     <"on" 19 23 8 6 1166 1220>
     <"charge" 19 2300 8 6 1223 1228>
     <"on" 19 24 8 6 1220 1274>
     <"charge" 19 2400 8 6 1277 1282>
     <"on" 19 25 8 6 1274 1328>
     <"charge" 19 2500 8 6 1331 1336>
     <"on" 19 26 8 6 1328 1382>
     <"charge" 19 2600 8 6 1385 1390>
     <"on" 19 27 8 6 1382 1436>
     <"charge" 19 2700 8 6 1439 1440>
     <"on" 19 28 8 6 1436 1440>
     <"on" 20 1 7 6 0 38>
     <"charge" 20 100 7 6 40 45>
     <"on" 20 2 7 6 38 94>
     <"charge" 20 200 7 6 96 101>
     <"on" 20 3 7 6 94 150>
     <"charge" 20 300 7 6 152 157>
     <"on" 20 4 7 6 150 206>
     <"charge" 20 400 7 6 208 213>
     <"on" 20 5 7 6 206 262>
     <"charge" 20 500 7 6 264 269>
     <"on" 20 6 7 6 262 318>
     <"charge" 20 600 7 6 320 325>
     <"on" 20 7 7 6 318 374>
     <"charge" 20 700 7 6 376 381>
     <"on" 20 8 7 6 374 430>
     <"charge" 20 800 7 6 432 437>
     <"on" 20 9 7 6 430 486>
     <"charge" 20 900 7 6 488 493>
     <"on" 20 10 7 6 486 542>
     <"charge" 20 1000 7 6 544 549>
     <"on" 20 11 7 6 542 598>
     <"charge" 20 1100 7 6 600 605>
     <"on" 20 12 7 6 598 654>
     <"charge" 20 1200 7 6 656 661>
     <"on" 20 13 7 6 654 710>
     <"charge" 20 1300 7 6 712 717>
     <"on" 20 14 7 6 710 766>
     <"charge" 20 1400 7 6 768 773>
     <"on" 20 15 7 6 766 822>
     <"charge" 20 1500 7 6 824 829>
     <"on" 20 16 7 6 822 878>
     <"charge" 20 1600 7 6 880 885>
     <"on" 20 17 7 6 878 934>
     <"charge" 20 1700 7 6 936 941>
     <"on" 20 18 7 6 934 990>
     <"charge" 20 1800 7 6 992 997>
     <"on" 20 19 7 6 990 1046>
     <"charge" 20 1900 7 6 1048 1053>
     <"on" 20 20 7 6 1046 1102>
     <"charge" 20 2000 7 6 1104 1109>
     <"on" 20 21 7 6 1102 1158>
     <"charge" 20 2100 7 6 1160 1165>
     <"on" 20 22 7 6 1158 1214>
     <"charge" 20 2200 7 6 1216 1221>
     <"on" 20 23 7 6 1214 1270>
     <"charge" 20 2300 7 6 1272 1277>
     <"on" 20 24 7 6 1270 1326>
     <"charge" 20 2400 7 6 1328 1333>
     <"on" 20 25 7 6 1326 1382>
     <"charge" 20 2500 7 6 1384 1389>
     <"on" 20 26 7 6 1382 1438>
     <"on" 21 1 0 2 0 32>
     <"charge" 21 100 0 2 38 43>
     <"on" 21 2 0 2 32 80>
     <"charge" 21 200 0 2 86 91>
     <"on" 21 3 0 2 80 128>
     <"charge" 21 300 0 2 134 139>
     <"on" 21 4 0 2 128 176>
     <"charge" 21 400 0 2 182 187>
     <"on" 21 5 0 2 176 224>
     <"charge" 21 500 0 2 230 235>
     <"on" 21 6 0 2 224 272>
     <"charge" 21 600 0 2 278 283>
     <"on" 21 7 0 2 272 320>
     <"charge" 21 700 0 2 326 331>
     <"on" 21 8 0 2 320 368>
     <"charge" 21 800 0 2 374 379>
     <"on" 21 9 0 2 368 416>
     <"charge" 21 900 0 2 422 427>
     <"on" 21 10 0 2 416 464>
     <"charge" 21 1000 0 2 470 475>
     <"on" 21 11 0 2 464 512>
     <"charge" 21 1100 0 2 518 523>
     <"on" 21 12 0 2 512 560>
     <"charge" 21 1200 0 2 566 571>
     <"on" 21 13 0 2 560 608>
     <"charge" 21 1300 0 2 614 619>
     <"on" 21 14 0 2 608 656>
     <"charge" 21 1400 0 2 662 667>
     <"on" 21 15 0 2 656 704>
     <"charge" 21 1500 0 2 710 715>
     <"on" 21 16 0 2 704 752>
     <"charge" 21 1600 0 2 758 763>
     <"on" 21 17 0 2 752 800>
     <"charge" 21 1700 0 2 806 811>
     <"on" 21 18 0 2 800 848>
     <"charge" 21 1800 0 2 854 859>
     <"on" 21 19 0 2 848 896>
     <"charge" 21 1900 0 2 902 907>
     <"on" 21 20 0 2 896 944>
     <"charge" 21 2000 0 2 950 955>
     <"on" 21 21 0 2 944 992>
     <"charge" 21 2100 0 2 998 1003>
     <"on" 21 22 0 2 992 1040>
     <"charge" 21 2200 0 2 1046 1051>
     <"on" 21 23 0 2 1040 1088>
     <"charge" 21 2300 0 2 1094 1099>
     <"on" 21 24 0 2 1088 1136>
     <"charge" 21 2400 0 2 1142 1147>
     <"on" 21 25 0 2 1136 1184>
     <"charge" 21 2500 0 2 1190 1195>
     <"on" 21 26 0 2 1184 1232>
     <"charge" 21 2600 0 2 1238 1243>
     <"on" 21 27 0 2 1232 1280>
     <"charge" 21 2700 0 2 1286 1291>
     <"on" 21 28 0 2 1280 1328>
     <"charge" 21 2800 0 2 1334 1339>
     <"on" 21 29 0 2 1328 1376>
     <"charge" 21 2900 0 2 1382 1387>
     <"on" 21 30 0 2 1376 1424>
     <"charge" 21 3000 0 2 1430 1435>
     <"on" 21 31 0 2 1424 1440>
     <"on" 22 1 9 4 0 22>
     <"charge" 22 100 9 4 26 31>
     <"on" 22 2 9 4 22 74>
     <"charge" 22 200 9 4 78 83>
     <"on" 22 3 9 4 74 126>
     <"charge" 22 300 9 4 130 135>
     <"on" 22 4 9 4 126 178>
     <"charge" 22 400 9 4 182 187>
     <"on" 22 5 9 4 178 230>
     <"charge" 22 500 9 4 234 239>
     <"on" 22 6 9 4 230 282>
     <"charge" 22 600 9 4 286 291>
     <"on" 22 7 9 4 282 334>
     <"charge" 22 700 9 4 338 343>
     <"on" 22 8 9 4 334 386>
     <"charge" 22 800 9 4 390 395>
     <"on" 22 9 9 4 386 438>
     <"charge" 22 900 9 4 442 447>
     <"on" 22 10 9 4 438 490>
     <"charge" 22 1000 9 4 494 499>
     <"on" 22 11 9 4 490 542>
     <"charge" 22 1100 9 4 546 551>
     <"on" 22 12 9 4 542 594>
     <"charge" 22 1200 9 4 598 603>
     <"on" 22 13 9 4 594 646>
     <"charge" 22 1300 9 4 650 655>
     <"on" 22 14 9 4 646 698>
     <"charge" 22 1400 9 4 702 707>
     <"on" 22 15 9 4 698 750>
     <"charge" 22 1500 9 4 754 759>
     <"on" 22 16 9 4 750 802>
     <"charge" 22 1600 9 4 806 811>
     <"on" 22 17 9 4 802 854>
     <"charge" 22 1700 9 4 858 863>
     <"on" 22 18 9 4 854 906>
     <"charge" 22 1800 9 4 910 915>
     <"on" 22 19 9 4 906 958>
     <"charge" 22 1900 9 4 962 967>
     <"on" 22 20 9 4 958 1010>
     <"charge" 22 2000 9 4 1014 1019>
     <"on" 22 21 9 4 1010 1062>
     <"charge" 22 2100 9 4 1066 1071>
     <"on" 22 22 9 4 1062 1114>
     <"charge" 22 2200 9 4 1118 1123>
     <"on" 22 23 9 4 1114 1166>
     <"charge" 22 2300 9 4 1170 1175>
     <"on" 22 24 9 4 1166 1218>
     <"charge" 22 2400 9 4 1222 1227>
     <"on" 22 25 9 4 1218 1270>
     <"charge" 22 2500 9 4 1274 1279>
     <"on" 22 26 9 4 1270 1322>
     <"charge" 22 2600 9 4 1326 1331>
     <"on" 22 27 9 4 1322 1374>
     <"charge" 22 2700 9 4 1378 1383>
     <"on" 22 28 9 4 1374 1426>
     <"charge" 22 2800 9 4 1430 1435>
     <"on" 22 29 9 4 1426 1440>
     <"on" 23 1 6 9 0 13>
     <"charge" 23 100 6 9 17 22>
     <"on" 23 2 6 9 13 65>
     <"charge" 23 200 6 9 69 74>
     <"on" 23 3 6 9 65 117>
     <"charge" 23 300 6 9 121 126>
     <"on" 23 4 6 9 117 169>
     <"charge" 23 400 6 9 173 178>
     <"on" 23 5 6 9 169 221>
     <"charge" 23 500 6 9 225 230>
     <"on" 23 6 6 9 221 273>
     <"charge" 23 600 6 9 277 282>
     <"on" 23 7 6 9 273 325>
     <"charge" 23 700 6 9 329 334>
     <"on" 23 8 6 9 325 377>
     <"charge" 23 800 6 9 381 386>
     <"on" 23 9 6 9 377 429>
     <"charge" 23 900 6 9 433 438>
     <"on" 23 10 6 9 429 481>
     <"charge" 23 1000 6 9 485 490>
     <"on" 23 11 6 9 481 533>
     <"charge" 23 1100 6 9 537 542>
     <"on" 23 12 6 9 533 585>
     <"charge" 23 1200 6 9 589 594>
     <"on" 23 13 6 9 585 637>
     <"charge" 23 1300 6 9 641 646>
     <"on" 23 14 6 9 637 689>
     <"charge" 23 1400 6 9 693 698>
     <"on" 23 15 6 9 689 741>
     <"charge" 23 1500 6 9 745 750>
     <"on" 23 16 6 9 741 793>
     <"charge" 23 1600 6 9 797 802>
     <"on" 23 17 6 9 793 845>
     <"charge" 23 1700 6 9 849 854>
     <"on" 23 18 6 9 845 897>
     <"charge" 23 1800 6 9 901 906>
     <"on" 23 19 6 9 897 949>
     <"charge" 23 1900 6 9 953 958>
     <"on" 23 20 6 9 949 1001>
     <"charge" 23 2000 6 9 1005 1010>
     <"on" 23 21 6 9 1001 1053>
     <"charge" 23 2100 6 9 1057 1062>
     <"on" 23 22 6 9 1053 1105>
     <"charge" 23 2200 6 9 1109 1114>
     <"on" 23 23 6 9 1105 1157>
     <"charge" 23 2300 6 9 1161 1166>
     <"on" 23 24 6 9 1157 1209>
     <"charge" 23 2400 6 9 1213 1218>
     <"on" 23 25 6 9 1209 1261>
     <"charge" 23 2500 6 9 1265 1270>
     <"on" 23 26 6 9 1261 1313>
     <"charge" 23 2600 6 9 1317 1322>
     <"on" 23 27 6 9 1313 1365>
     <"charge" 23 2700 6 9 1369 1374>
     <"on" 23 28 6 9 1365 1417>
     <"charge" 23 2800 6 9 1421 1426>
     <"on" 23 29 6 9 1417 1440>
     <"on" 24 1 4 7 0 24>
     <"charge" 24 100 4 7 26 31>
     <"on" 24 2 4 7 24 80>
     <"charge" 24 200 4 7 82 87>
     <"on" 24 3 4 7 80 136>
     <"charge" 24 300 4 7 138 143>
     <"on" 24 4 4 7 136 192>
     <"charge" 24 400 4 7 194 199>
     <"on" 24 5 4 7 192 248>
     <"charge" 24 500 4 7 250 255>
     <"on" 24 6 4 7 248 304>
     <"charge" 24 600 4 7 306 311>
     <"on" 24 7 4 7 304 360>
     <"charge" 24 700 4 7 362 367>
     <"on" 24 8 4 7 360 416>
     <"charge" 24 800 4 7 418 423>
     <"on" 24 9 4 7 416 472>
     <"charge" 24 900 4 7 474 479>
     <"on" 24 10 4 7 472 528>
     <"charge" 24 1000 4 7 530 535>
     <"on" 24 11 4 7 528 584>
     <"charge" 24 1100 4 7 586 591>
     <"on" 24 12 4 7 584 640>
     <"charge" 24 1200 4 7 642 647>
     <"on" 24 13 4 7 640 696>
     <"charge" 24 1300 4 7 698 703>
     <"on" 24 14 4 7 696 752>
     <"charge" 24 1400 4 7 754 759>
     <"on" 24 15 4 7 752 808>
     <"charge" 24 1500 4 7 810 815>
     <"on" 24 16 4 7 808 864>
     <"charge" 24 1600 4 7 866 871>
     <"on" 24 17 4 7 864 920>
     <"charge" 24 1700 4 7 922 927>
     <"on" 24 18 4 7 920 976>
     <"charge" 24 1800 4 7 978 983>
     <"on" 24 19 4 7 976 1032>
     <"charge" 24 1900 4 7 1034 1039>
     <"on" 24 20 4 7 1032 1088>
     <"charge" 24 2000 4 7 1090 1095>
     <"on" 24 21 4 7 1088 1144>
     <"charge" 24 2100 4 7 1146 1151>
     <"on" 24 22 4 7 1144 1200>
     <"charge" 24 2200 4 7 1202 1207>
     <"on" 24 23 4 7 1200 1256>
     <"charge" 24 2300 4 7 1258 1263>
     <"on" 24 24 4 7 1256 1312>
     <"charge" 24 2400 4 7 1314 1319>
     <"on" 24 25 4 7 1312 1368>
     <"charge" 24 2500 4 7 1370 1375>
     <"on" 24 26 4 7 1368 1424>
     <"charge" 24 2600 4 7 1426 1431>
     <"on" 24 27 4 7 1424 1440>
     <"on" 25 1 0 7 0 8>
     <"charge" 25 100 0 7 13 18>
     <"on" 25 2 0 7 8 58>
     <"charge" 25 200 0 7 63 68>
     <"on" 25 3 0 7 58 108>
     <"charge" 25 300 0 7 113 118>
     <"on" 25 4 0 7 108 158>
     <"charge" 25 400 0 7 163 168>
     <"on" 25 5 0 7 158 208>
     <"charge" 25 500 0 7 213 218>
     <"on" 25 6 0 7 208 258>
     <"charge" 25 600 0 7 263 268>
     <"on" 25 7 0 7 258 308>
     <"charge" 25 700 0 7 313 318>
     <"on" 25 8 0 7 308 358>
     <"charge" 25 800 0 7 363 368>
     <"on" 25 9 0 7 358 408>
     <"charge" 25 900 0 7 413 418>
     <"on" 25 10 0 7 408 458>
     <"charge" 25 1000 0 7 463 468>
     <"on" 25 11 0 7 458 508>
     <"charge" 25 1100 0 7 513 518>
     <"on" 25 12 0 7 508 558>
     <"charge" 25 1200 0 7 563 568>
     <"on" 25 13 0 7 558 608>
     <"charge" 25 1300 0 7 613 618>
     <"on" 25 14 0 7 608 658>
     <"charge" 25 1400 0 7 663 668>
     <"on" 25 15 0 7 658 708>
     <"charge" 25 1500 0 7 713 718>
     <"on" 25 16 0 7 708 758>
     <"charge" 25 1600 0 7 763 768>
     <"on" 25 17 0 7 758 808>
     <"charge" 25 1700 0 7 813 818>
     <"on" 25 18 0 7 808 858>
     <"charge" 25 1800 0 7 863 868>
     <"on" 25 19 0 7 858 908>
     <"charge" 25 1900 0 7 913 918>
     <"on" 25 20 0 7 908 958>
     <"charge" 25 2000 0 7 963 968>
     <"on" 25 21 0 7 958 1008>
     <"charge" 25 2100 0 7 1013 1018>
     <"on" 25 22 0 7 1008 1058>
     <"charge" 25 2200 0 7 1063 1068>
     <"on" 25 23 0 7 1058 1108>
     <"charge" 25 2300 0 7 1113 1118>
     <"on" 25 24 0 7 1108 1158>
     <"charge" 25 2400 0 7 1163 1168>
     <"on" 25 25 0 7 1158 1208>
     <"charge" 25 2500 0 7 1213 1218>
     <"on" 25 26 0 7 1208 1258>
     <"charge" 25 2600 0 7 1263 1268>
     <"on" 25 27 0 7 1258 1308>
     <"charge" 25 2700 0 7 1313 1318>
     <"on" 25 28 0 7 1308 1358>
     <"charge" 25 2800 0 7 1363 1368>
     <"on" 25 29 0 7 1358 1408>
     <"charge" 25 2900 0 7 1413 1418>
     <"on" 25 30 0 7 1408 1440>
     <"on" 26 1 0 6 0 28>
     <"charge" 26 100 0 6 33 38>
     <"on" 26 2 0 6 28 78>
     <"charge" 26 200 0 6 83 88>
     <"on" 26 3 0 6 78 128>
     <"charge" 26 300 0 6 133 138>
     <"on" 26 4 0 6 128 178>
     <"charge" 26 400 0 6 183 188>
     <"on" 26 5 0 6 178 228>
     <"charge" 26 500 0 6 233 238>
     <"on" 26 6 0 6 228 278>
     <"charge" 26 600 0 6 283 288>
     <"on" 26 7 0 6 278 328>
     <"charge" 26 700 0 6 333 338>
     <"on" 26 8 0 6 328 378>
     <"charge" 26 800 0 6 383 388>
     <"on" 26 9 0 6 378 428>
     <"charge" 26 900 0 6 433 438>
     <"on" 26 10 0 6 428 478>
     <"charge" 26 1000 0 6 483 488>
     <"on" 26 11 0 6 478 528>
     <"charge" 26 1100 0 6 533 538>
     <"on" 26 12 0 6 528 578>
     <"charge" 26 1200 0 6 583 588>
     <"on" 26 13 0 6 578 628>
     <"charge" 26 1300 0 6 633 638>
     <"on" 26 14 0 6 628 678>
     <"charge" 26 1400 0 6 683 688>
     <"on" 26 15 0 6 678 728>
     <"charge" 26 1500 0 6 733 738>
     <"on" 26 16 0 6 728 778>
     <"charge" 26 1600 0 6 783 788>
     <"on" 26 17 0 6 778 828>
     <"charge" 26 1700 0 6 833 838>
     <"on" 26 18 0 6 828 878>
     <"charge" 26 1800 0 6 883 888>
     <"on" 26 19 0 6 878 928>
     <"charge" 26 1900 0 6 933 938>
     <"on" 26 20 0 6 928 978>
     <"charge" 26 2000 0 6 983 988>
     <"on" 26 21 0 6 978 1028>
     <"charge" 26 2100 0 6 1033 1038>
     <"on" 26 22 0 6 1028 1078>
     <"charge" 26 2200 0 6 1083 1088>
     <"on" 26 23 0 6 1078 1128>
     <"charge" 26 2300 0 6 1133 1138>
     <"on" 26 24 0 6 1128 1178>
     <"charge" 26 2400 0 6 1183 1188>
     <"on" 26 25 0 6 1178 1228>
     <"charge" 26 2500 0 6 1233 1238>
     <"on" 26 26 0 6 1228 1278>
     <"charge" 26 2600 0 6 1283 1288>
     <"on" 26 27 0 6 1278 1328>
     <"charge" 26 2700 0 6 1333 1338>
     <"on" 26 28 0 6 1328 1378>
     <"charge" 26 2800 0 6 1383 1388>
     <"on" 26 29 0 6 1378 1428>
     <"charge" 26 2900 0 6 1433 1438>
     <"on" 26 30 0 6 1428 1440>
     <"on" 27 1 3 2 0 13>
     <"charge" 27 100 3 2 17 22>
     <"on" 27 2 3 2 13 65>
     <"charge" 27 200 3 2 69 74>
     <"on" 27 3 3 2 65 117>
     <"charge" 27 300 3 2 121 126>
     <"on" 27 4 3 2 117 169>
     <"charge" 27 400 3 2 173 178>
     <"on" 27 5 3 2 169 221>
     <"charge" 27 500 3 2 225 230>
     <"on" 27 6 3 2 221 273>
     <"charge" 27 600 3 2 277 282>
     <"on" 27 7 3 2 273 325>
     <"charge" 27 700 3 2 329 334>
     <"on" 27 8 3 2 325 377>
     <"charge" 27 800 3 2 381 386>
     <"on" 27 9 3 2 377 429>
     <"charge" 27 900 3 2 433 438>
     <"on" 27 10 3 2 429 481>
     <"charge" 27 1000 3 2 485 490>
     <"on" 27 11 3 2 481 533>
     <"charge" 27 1100 3 2 537 542>
     <"on" 27 12 3 2 533 585>
     <"charge" 27 1200 3 2 589 594>
     <"on" 27 13 3 2 585 637>
     <"charge" 27 1300 3 2 641 646>
     <"on" 27 14 3 2 637 689>
     <"charge" 27 1400 3 2 693 698>
     <"on" 27 15 3 2 689 741>
     <"charge" 27 1500 3 2 745 750>
     <"on" 27 16 3 2 741 793>
     <"charge" 27 1600 3 2 797 802>
     <"on" 27 17 3 2 793 845>
     <"charge" 27 1700 3 2 849 854>
     <"on" 27 18 3 2 845 897>
     <"charge" 27 1800 3 2 901 906>
     <"on" 27 19 3 2 897 949>
     <"charge" 27 1900 3 2 953 958>
     <"on" 27 20 3 2 949 1001>
     <"charge" 27 2000 3 2 1005 1010>
     <"on" 27 21 3 2 1001 1053>
     <"charge" 27 2100 3 2 1057 1062>
     <"on" 27 22 3 2 1053 1105>
     <"charge" 27 2200 3 2 1109 1114>
     <"on" 27 23 3 2 1105 1157>
     <"charge" 27 2300 3 2 1161 1166>
     <"on" 27 24 3 2 1157 1209>
     <"charge" 27 2400 3 2 1213 1218>
     <"on" 27 25 3 2 1209 1261>
     <"charge" 27 2500 3 2 1265 1270>
     <"on" 27 26 3 2 1261 1313>
     <"charge" 27 2600 3 2 1317 1322>
     <"on" 27 27 3 2 1313 1365>
     <"charge" 27 2700 3 2 1369 1374>
     <"on" 27 28 3 2 1365 1417>
     <"charge" 27 2800 3 2 1421 1426>
     <"on" 27 29 3 2 1417 1440>
     <"on" 28 1 0 3 0 25>
     <"charge" 28 100 0 3 30 35>
     <"on" 28 2 0 3 25 75>
     <"charge" 28 200 0 3 80 85>
     <"on" 28 3 0 3 75 125>
     <"charge" 28 300 0 3 130 135>
     <"on" 28 4 0 3 125 175>
     <"charge" 28 400 0 3 180 185>
     <"on" 28 5 0 3 175 225>
     <"charge" 28 500 0 3 230 235>
     <"on" 28 6 0 3 225 275>
     <"charge" 28 600 0 3 280 285>
     <"on" 28 7 0 3 275 325>
     <"charge" 28 700 0 3 330 335>
     <"on" 28 8 0 3 325 375>
     <"charge" 28 800 0 3 380 385>
     <"on" 28 9 0 3 375 425>
     <"charge" 28 900 0 3 430 435>
     <"on" 28 10 0 3 425 475>
     <"charge" 28 1000 0 3 480 485>
     <"on" 28 11 0 3 475 525>
     <"charge" 28 1100 0 3 530 535>
     <"on" 28 12 0 3 525 575>
     <"charge" 28 1200 0 3 580 585>
     <"on" 28 13 0 3 575 625>
     <"charge" 28 1300 0 3 630 635>
     <"on" 28 14 0 3 625 675>
     <"charge" 28 1400 0 3 680 685>
     <"on" 28 15 0 3 675 725>
     <"charge" 28 1500 0 3 730 735>
     <"on" 28 16 0 3 725 775>
     <"charge" 28 1600 0 3 780 785>
     <"on" 28 17 0 3 775 825>
     <"charge" 28 1700 0 3 830 835>
     <"on" 28 18 0 3 825 875>
     <"charge" 28 1800 0 3 880 885>
     <"on" 28 19 0 3 875 925>
     <"charge" 28 1900 0 3 930 935>
     <"on" 28 20 0 3 925 975>
     <"charge" 28 2000 0 3 980 985>
     <"on" 28 21 0 3 975 1025>
     <"charge" 28 2100 0 3 1030 1035>
     <"on" 28 22 0 3 1025 1075>
     <"charge" 28 2200 0 3 1080 1085>
     <"on" 28 23 0 3 1075 1125>
     <"charge" 28 2300 0 3 1130 1135>
     <"on" 28 24 0 3 1125 1175>
     <"charge" 28 2400 0 3 1180 1185>
     <"on" 28 25 0 3 1175 1225>
     <"charge" 28 2500 0 3 1230 1235>
     <"on" 28 26 0 3 1225 1275>
     <"charge" 28 2600 0 3 1280 1285>
     <"on" 28 27 0 3 1275 1325>
     <"charge" 28 2700 0 3 1330 1335>
     <"on" 28 28 0 3 1325 1375>
     <"charge" 28 2800 0 3 1380 1385>
     <"on" 28 29 0 3 1375 1425>
     <"charge" 28 2900 0 3 1430 1435>
     <"on" 28 30 0 3 1425 1440>
     <"on" 29 1 7 9 0 40>
     <"charge" 29 100 7 9 44 49>
     <"on" 29 2 7 9 40 92>
     <"charge" 29 200 7 9 96 101>
     <"on" 29 3 7 9 92 144>
     <"charge" 29 300 7 9 148 153>
     <"on" 29 4 7 9 144 196>
     <"charge" 29 400 7 9 200 205>
     <"on" 29 5 7 9 196 248>
     <"charge" 29 500 7 9 252 257>
     <"on" 29 6 7 9 248 300>
     <"charge" 29 600 7 9 304 309>
     <"on" 29 7 7 9 300 352>
     <"charge" 29 700 7 9 356 361>
     <"on" 29 8 7 9 352 404>
     <"charge" 29 800 7 9 408 413>
     <"on" 29 9 7 9 404 456>
     <"charge" 29 900 7 9 460 465>
     <"on" 29 10 7 9 456 508>
     <"charge" 29 1000 7 9 512 517>
     <"on" 29 11 7 9 508 560>
     <"charge" 29 1100 7 9 564 569>
     <"on" 29 12 7 9 560 612>
     <"charge" 29 1200 7 9 616 621>
     <"on" 29 13 7 9 612 664>
     <"charge" 29 1300 7 9 668 673>
     <"on" 29 14 7 9 664 716>
     <"charge" 29 1400 7 9 720 725>
     <"on" 29 15 7 9 716 768>
     <"charge" 29 1500 7 9 772 777>
     <"on" 29 16 7 9 768 820>
     <"charge" 29 1600 7 9 824 829>
     <"on" 29 17 7 9 820 872>
     <"charge" 29 1700 7 9 876 881>
     <"on" 29 18 7 9 872 924>
     <"charge" 29 1800 7 9 928 933>
     <"on" 29 19 7 9 924 976>
     <"charge" 29 1900 7 9 980 985>
     <"on" 29 20 7 9 976 1028>
     <"charge" 29 2000 7 9 1032 1037>
     <"on" 29 21 7 9 1028 1080>
     <"charge" 29 2100 7 9 1084 1089>
     <"on" 29 22 7 9 1080 1132>
     <"charge" 29 2200 7 9 1136 1141>
     <"on" 29 23 7 9 1132 1184>
     <"charge" 29 2300 7 9 1188 1193>
     <"on" 29 24 7 9 1184 1236>
     <"charge" 29 2400 7 9 1240 1245>
     <"on" 29 25 7 9 1236 1288>
     <"charge" 29 2500 7 9 1292 1297>
     <"on" 29 26 7 9 1288 1340>
     <"charge" 29 2600 7 9 1344 1349>
     <"on" 29 27 7 9 1340 1392>
     <"charge" 29 2700 7 9 1396 1401>
     <"on" 29 28 7 9 1392 1440>
     <"on" 30 1 6 2 0 19>
     <"charge" 30 100 6 2 22 27>
     <"on" 30 2 6 2 19 73>
     <"charge" 30 200 6 2 76 81>
     <"on" 30 3 6 2 73 127>
     <"charge" 30 300 6 2 130 135>
     <"on" 30 4 6 2 127 181>
     <"charge" 30 400 6 2 184 189>
     <"on" 30 5 6 2 181 235>
     <"charge" 30 500 6 2 238 243>
     <"on" 30 6 6 2 235 289>
     <"charge" 30 600 6 2 292 297>
     <"on" 30 7 6 2 289 343>
     <"charge" 30 700 6 2 346 351>
     <"on" 30 8 6 2 343 397>
     <"charge" 30 800 6 2 400 405>
     <"on" 30 9 6 2 397 451>
     <"charge" 30 900 6 2 454 459>
     <"on" 30 10 6 2 451 505>
     <"charge" 30 1000 6 2 508 513>
     <"on" 30 11 6 2 505 559>
     <"charge" 30 1100 6 2 562 567>
     <"on" 30 12 6 2 559 613>
     <"charge" 30 1200 6 2 616 621>
     <"on" 30 13 6 2 613 667>
     <"charge" 30 1300 6 2 670 675>
     <"on" 30 14 6 2 667 721>
     <"charge" 30 1400 6 2 724 729>
     <"on" 30 15 6 2 721 775>
     <"charge" 30 1500 6 2 778 783>
     <"on" 30 16 6 2 775 829>
     <"charge" 30 1600 6 2 832 837>
     <"on" 30 17 6 2 829 883>
     <"charge" 30 1700 6 2 886 891>
     <"on" 30 18 6 2 883 937>
     <"charge" 30 1800 6 2 940 945>
     <"on" 30 19 6 2 937 991>
     <"charge" 30 1900 6 2 994 999>
     <"on" 30 20 6 2 991 1045>
     <"charge" 30 2000 6 2 1048 1053>
     <"on" 30 21 6 2 1045 1099>
     <"charge" 30 2100 6 2 1102 1107>
     <"on" 30 22 6 2 1099 1153>
     <"charge" 30 2200 6 2 1156 1161>
     <"on" 30 23 6 2 1153 1207>
     <"charge" 30 2300 6 2 1210 1215>
     <"on" 30 24 6 2 1207 1261>
     <"charge" 30 2400 6 2 1264 1269>
     <"on" 30 25 6 2 1261 1315>
     <"charge" 30 2500 6 2 1318 1323>
     <"on" 30 26 6 2 1315 1369>
     <"charge" 30 2600 6 2 1372 1377>
     <"on" 30 27 6 2 1369 1423>
     <"charge" 30 2700 6 2 1426 1431>
     <"on" 30 28 6 2 1423 1440>};
Travel =  {<0 0 0> <0 1 6> <0 2 4> <0 3 4> <0 4 4> <0 5 1> <0 6 1>
     <0 7 6> <0 8 4> <0 9 2> <0 10 6> <0 11 2> <0 12 4>
     <0 13 3> <0 14 4> <0 15 4> <0 16 3> <0 17 4> <0 18 4>
     <0 19 3> <0 20 2> <0 21 6> <0 22 4> <0 23 4> <0 24 2>
     <0 25 5> <0 26 5> <0 27 4> <0 28 5> <0 29 4> <0 30 3>
     <1 0 6> <1 1 0> <1 2 10> <1 3 5> <1 4 7> <1 5 6>
     <1 6 6> <1 7 11> <1 8 8> <1 9 7> <1 10 0> <1 11 7>
     <1 12 7> <1 13 6> <1 14 6> <1 15 5> <1 16 3> <1 17 9>
     <1 18 2> <1 19 3> <1 20 4> <1 21 11> <1 22 5> <1 23 3>
     <1 24 5> <1 25 9> <1 26 9> <1 27 9> <1 28 11> <1 29 2>
     <1 30 8> <2 0 4> <2 1 10> <2 2 0> <2 3 8> <2 4 5>
     <2 5 4> <2 6 4> <2 7 3> <2 8 6> <2 9 4> <2 10 10>
     <2 11 3> <2 12 5> <2 13 4> <2 14 6> <2 15 8> <2 16 7>
     <2 17 4> <2 18 8> <2 19 8> <2 20 7> <2 21 1> <2 22 8>
     <2 23 8> <2 24 5> <2 25 4> <2 26 3> <2 27 2> <2 28 1>
     <2 29 8> <2 30 5> <3 0 4> <3 1 5> <3 2 8> <3 3 0>
     <3 4 8> <3 5 5> <3 6 4> <3 7 8> <3 8 4> <3 9 4>
     <3 10 5> <3 11 6> <3 12 8> <3 13 7> <3 14 8> <3 15 0>
     <3 16 5> <3 17 5> <3 18 5> <3 19 2> <3 20 3> <3 21 9>
     <3 22 0> <3 23 6> <3 24 6> <3 25 9> <3 26 9> <3 27 6>
     <3 28 9> <3 29 5> <3 30 4> <4 0 4> <4 1 7> <4 2 5>
     <4 3 8> <4 4 0> <4 5 4> <4 6 5> <4 7 8> <4 8 9>
     <4 9 6> <4 10 7> <4 11 3> <4 12 0> <4 13 1> <4 14 1>
     <4 15 8> <4 16 4> <4 17 8> <4 18 5> <4 19 6> <4 20 5>
     <4 21 6> <4 22 8> <4 23 4> <4 24 2> <4 25 2> <4 26 3>
     <4 27 6> <4 28 5> <4 29 5> <4 30 7> <5 0 1> <5 1 6>
     <5 2 4> <5 3 5> <5 4 4> <5 5 0> <5 6 1> <5 7 5>
     <5 8 5> <5 9 2> <5 10 6> <5 11 1> <5 12 4> <5 13 2>
     <5 14 4> <5 15 5> <5 16 4> <5 17 4> <5 18 5> <5 19 4>
     <5 20 3> <5 21 5> <5 22 5> <5 23 4> <5 24 2> <5 25 4>
     <5 26 4> <5 27 3> <5 28 4> <5 29 5> <5 30 4> <6 0 1>
     <6 1 6> <6 2 4> <6 3 4> <6 4 5> <6 5 1> <6 6 0>
     <6 7 5> <6 8 4> <6 9 1> <6 10 6> <6 11 2> <6 12 5>
     <6 13 4> <6 14 5> <6 15 4> <6 16 4> <6 17 3> <6 18 5>
     <6 19 4> <6 20 3> <6 21 5> <6 22 4> <6 23 5> <6 24 3>
     <6 25 6> <6 26 5> <6 27 3> <6 28 5> <6 29 5> <6 30 2>
     <7 0 6> <7 1 11> <7 2 3> <7 3 8> <7 4 8> <7 5 5>
     <7 6 5> <7 7 0> <7 8 5> <7 9 4> <7 10 11> <7 11 5>
     <7 12 8> <7 13 7> <7 14 9> <7 15 8> <7 16 9> <7 17 3>
     <7 18 10> <7 19 8> <7 20 8> <7 21 3> <7 22 8> <7 23 10>
     <7 24 7> <7 25 7> <7 26 6> <7 27 2> <7 28 4> <7 29 10>
     <7 30 4> <8 0 4> <8 1 8> <8 2 6> <8 3 4> <8 4 9>
     <8 5 5> <8 6 4> <8 7 5> <8 8 0> <8 9 3> <8 10 8>
     <8 11 6> <8 12 9> <8 13 7> <8 14 9> <8 15 4> <8 16 7>
     <8 17 2> <8 18 8> <8 19 5> <8 20 5> <8 21 7> <8 22 4>
     <8 23 8> <8 24 7> <8 25 9> <8 26 9> <8 27 4> <8 28 7>
     <8 29 8> <8 30 1> <9 0 2> <9 1 7> <9 2 4> <9 3 4>
     <9 4 6> <9 5 2> <9 6 1> <9 7 4> <9 8 3> <9 9 0>
     <9 10 7> <9 11 3> <9 12 6> <9 13 4> <9 14 6> <9 15 4>
     <9 16 5> <9 17 2> <9 18 6> <9 19 4> <9 20 4> <9 21 5>
     <9 22 4> <9 23 6> <9 24 4> <9 25 6> <9 26 6> <9 27 2>
     <9 28 5> <9 29 6> <9 30 1> <10 0 6> <10 1 0> <10 2 10>
     <10 3 5> <10 4 7> <10 5 6> <10 6 6> <10 7 11> <10 8 8>
     <10 9 7> <10 10 0> <10 11 7> <10 12 7> <10 13 6>
     <10 14 6> <10 15 5> <10 16 3> <10 17 9> <10 18 2>
     <10 19 3> <10 20 4> <10 21 11> <10 22 5> <10 23 3>
     <10 24 5> <10 25 9> <10 26 9> <10 27 9> <10 28 11>
     <10 29 2> <10 30 8> <11 0 2> <11 1 7> <11 2 3>
     <11 3 6> <11 4 3> <11 5 1> <11 6 2> <11 7 5> <11 8 6>
     <11 9 3> <11 10 7> <11 11 0> <11 12 3> <11 13 2>
     <11 14 4> <11 15 6> <11 16 4> <11 17 4> <11 18 6>
     <11 19 5> <11 20 4> <11 21 4> <11 22 6> <11 23 5>
     <11 24 2> <11 25 4> <11 26 3> <11 27 3> <11 28 4>
     <11 29 6> <11 30 4> <12 0 4> <12 1 7> <12 2 5>
     <12 3 8> <12 4 0> <12 5 4> <12 6 5> <12 7 8> <12 8 9>
     <12 9 6> <12 10 7> <12 11 3> <12 12 0> <12 13 1>
     <12 14 1> <12 15 8> <12 16 4> <12 17 8> <12 18 5>
     <12 19 6> <12 20 5> <12 21 6> <12 22 8> <12 23 4>
     <12 24 2> <12 25 2> <12 26 3> <12 27 6> <12 28 5>
     <12 29 5> <12 30 7> <13 0 3> <13 1 6> <13 2 4>
     <13 3 7> <13 4 1> <13 5 2> <13 6 4> <13 7 7> <13 8 7>
     <13 9 4> <13 10 6> <13 11 2> <13 12 1> <13 13 0>
     <13 14 2> <13 15 7> <13 16 3> <13 17 6> <13 18 4>
     <13 19 5> <13 20 4> <13 21 6> <13 22 7> <13 23 4>
     <13 24 1> <13 25 3> <13 26 3> <13 27 5> <13 28 5>
     <13 29 4> <13 30 6> <14 0 4> <14 1 6> <14 2 6>
     <14 3 8> <14 4 1> <14 5 4> <14 6 5> <14 7 9> <14 8 9>
     <14 9 6> <14 10 6> <14 11 4> <14 12 1> <14 13 2>
     <14 14 0> <14 15 8> <14 16 3> <14 17 8> <14 18 4>
     <14 19 6> <14 20 5> <14 21 8> <14 22 8> <14 23 3>
     <14 24 2> <14 25 4> <14 26 4> <14 27 7> <14 28 7>
     <14 29 4> <14 30 8> <15 0 4> <15 1 5> <15 2 8>
     <15 3 0> <15 4 8> <15 5 5> <15 6 4> <15 7 8> <15 8 4>
     <15 9 4> <15 10 5> <15 11 6> <15 12 8> <15 13 7>
     <15 14 8> <15 15 0> <15 16 5> <15 17 5> <15 18 5>
     <15 19 2> <15 20 3> <15 21 9> <15 22 0> <15 23 6>
     <15 24 6> <15 25 9> <15 26 9> <15 27 6> <15 28 9>
     <15 29 5> <15 30 4> <16 0 3> <16 1 3> <16 2 7>
     <16 3 5> <16 4 4> <16 5 4> <16 6 4> <16 7 9> <16 8 7>
     <16 9 5> <16 10 3> <16 11 4> <16 12 4> <16 13 3>
     <16 14 3> <16 15 5> <16 16 0> <16 17 7> <16 18 1>
     <16 19 3> <16 20 2> <16 21 8> <16 22 5> <16 23 1>
     <16 24 2> <16 25 6> <16 26 6> <16 27 7> <16 28 8>
     <16 29 1> <16 30 6> <17 0 4> <17 1 9> <17 2 4>
     <17 3 5> <17 4 8> <17 5 4> <17 6 3> <17 7 3> <17 8 2>
     <17 9 2> <17 10 9> <17 11 4> <17 12 8> <17 13 6>
     <17 14 8> <17 15 5> <17 16 7> <17 17 0> <17 18 8>
     <17 19 6> <17 20 5> <17 21 5> <17 22 5> <17 23 8>
     <17 24 6> <17 25 8> <17 26 7> <17 27 2> <17 28 5>
     <17 29 8> <17 30 1> <18 0 4> <18 1 2> <18 2 8>
     <18 3 5> <18 4 5> <18 5 5> <18 6 5> <18 7 10> <18 8 8>
     <18 9 6> <18 10 2> <18 11 6> <18 12 5> <18 13 4>
     <18 14 4> <18 15 5> <18 16 1> <18 17 8> <18 18 0>
     <18 19 3> <18 20 3> <18 21 10> <18 22 5> <18 23 1>
     <18 24 4> <18 25 7> <18 26 8> <18 27 8> <18 28 9>
     <18 29 0> <18 30 7> <19 0 3> <19 1 3> <19 2 8>
     <19 3 2> <19 4 6> <19 5 4> <19 6 4> <19 7 8> <19 8 5>
     <19 9 4> <19 10 3> <19 11 5> <19 12 6> <19 13 5>
     <19 14 6> <19 15 2> <19 16 3> <19 17 6> <19 18 3>
     <19 19 0> <19 20 1> <19 21 9> <19 22 2> <19 23 4>
     <19 24 4> <19 25 8> <19 26 8> <19 27 6> <19 28 9>
     <19 29 3> <19 30 4> <20 0 2> <20 1 4> <20 2 7>
     <20 3 3> <20 4 5> <20 5 3> <20 6 3> <20 7 8> <20 8 5>
     <20 9 4> <20 10 4> <20 11 4> <20 12 5> <20 13 4>
     <20 14 5> <20 15 3> <20 16 2> <20 17 5> <20 18 3>
     <20 19 1> <20 20 0> <20 21 8> <20 22 3> <20 23 3>
     <20 24 3> <20 25 7> <20 26 7> <20 27 6> <20 28 8>
     <20 29 3> <20 30 4> <21 0 6> <21 1 11> <21 2 1>
     <21 3 9> <21 4 6> <21 5 5> <21 6 5> <21 7 3> <21 8 7>
     <21 9 5> <21 10 11> <21 11 4> <21 12 6> <21 13 6>
     <21 14 8> <21 15 9> <21 16 8> <21 17 5> <21 18 10>
     <21 19 9> <21 20 8> <21 21 0> <21 22 9> <21 23 9>
     <21 24 6> <21 25 5> <21 26 4> <21 27 3> <21 28 1>
     <21 29 10> <21 30 6> <22 0 4> <22 1 5> <22 2 8>
     <22 3 0> <22 4 8> <22 5 5> <22 6 4> <22 7 8> <22 8 4>
     <22 9 4> <22 10 5> <22 11 6> <22 12 8> <22 13 7>
     <22 14 8> <22 15 0> <22 16 5> <22 17 5> <22 18 5>
     <22 19 2> <22 20 3> <22 21 9> <22 22 0> <22 23 6>
     <22 24 6> <22 25 9> <22 26 9> <22 27 6> <22 28 9>
     <22 29 5> <22 30 4> <23 0 4> <23 1 3> <23 2 8>
     <23 3 6> <23 4 4> <23 5 4> <23 6 5> <23 7 10> <23 8 8>
     <23 9 6> <23 10 3> <23 11 5> <23 12 4> <23 13 4>
     <23 14 3> <23 15 6> <23 16 1> <23 17 8> <23 18 1>
     <23 19 4> <23 20 3> <23 21 9> <23 22 6> <23 23 0>
     <23 24 3> <23 25 6> <23 26 7> <23 27 8> <23 28 8>
     <23 29 1> <23 30 7> <24 0 2> <24 1 5> <24 2 5>
     <24 3 6> <24 4 2> <24 5 2> <24 6 3> <24 7 7> <24 8 7>
     <24 9 4> <24 10 5> <24 11 2> <24 12 2> <24 13 1>
     <24 14 2> <24 15 6> <24 16 2> <24 17 6> <24 18 4>
     <24 19 4> <24 20 3> <24 21 6> <24 22 6> <24 23 3>
     <24 24 0> <24 25 4> <24 26 4> <24 27 5> <24 28 6>
     <24 29 4> <24 30 5> <25 0 5> <25 1 9> <25 2 4>
     <25 3 9> <25 4 2> <25 5 4> <25 6 6> <25 7 7> <25 8 9>
     <25 9 6> <25 10 9> <25 11 4> <25 12 2> <25 13 3>
     <25 14 4> <25 15 9> <25 16 6> <25 17 8> <25 18 7>
     <25 19 8> <25 20 7> <25 21 5> <25 22 9> <25 23 6>
     <25 24 4> <25 25 0> <25 26 1> <25 27 6> <25 28 4>
     <25 29 7> <25 30 8> <26 0 5> <26 1 9> <26 2 3>
     <26 3 9> <26 4 3> <26 5 4> <26 6 5> <26 7 6> <26 8 9>
     <26 9 6> <26 10 9> <26 11 3> <26 12 3> <26 13 3>
     <26 14 4> <26 15 9> <26 16 6> <26 17 7> <26 18 8>
     <26 19 8> <26 20 7> <26 21 4> <26 22 9> <26 23 7>
     <26 24 4> <26 25 1> <26 26 0> <26 27 5> <26 28 3>
     <26 29 8> <26 30 7> <27 0 4> <27 1 9> <27 2 2>
     <27 3 6> <27 4 6> <27 5 3> <27 6 3> <27 7 2> <27 8 4>
     <27 9 2> <27 10 9> <27 11 3> <27 12 6> <27 13 5>
     <27 14 7> <27 15 6> <27 16 7> <27 17 2> <27 18 8>
     <27 19 6> <27 20 6> <27 21 3> <27 22 6> <27 23 8>
     <27 24 5> <27 25 6> <27 26 5> <27 27 0> <27 28 3>
     <27 29 8> <27 30 3> <28 0 5> <28 1 11> <28 2 1>
     <28 3 9> <28 4 5> <28 5 4> <28 6 5> <28 7 4> <28 8 7>
     <28 9 5> <28 10 11> <28 11 4> <28 12 5> <28 13 5>
     <28 14 7> <28 15 9> <28 16 8> <28 17 5> <28 18 9>
     <28 19 9> <28 20 8> <28 21 1> <28 22 9> <28 23 8>
     <28 24 6> <28 25 4> <28 26 3> <28 27 3> <28 28 0>
     <28 29 9> <28 30 6> <29 0 4> <29 1 2> <29 2 8>
     <29 3 5> <29 4 5> <29 5 5> <29 6 5> <29 7 10> <29 8 8>
     <29 9 6> <29 10 2> <29 11 6> <29 12 5> <29 13 4>
     <29 14 4> <29 15 5> <29 16 1> <29 17 8> <29 18 0>
     <29 19 3> <29 20 3> <29 21 10> <29 22 5> <29 23 1>
     <29 24 4> <29 25 7> <29 26 8> <29 27 8> <29 28 9>
     <29 29 0> <29 30 7> <30 0 3> <30 1 8> <30 2 5>
     <30 3 4> <30 4 7> <30 5 4> <30 6 2> <30 7 4> <30 8 1>
     <30 9 1> <30 10 8> <30 11 4> <30 12 7> <30 13 6>
     <30 14 8> <30 15 4> <30 16 6> <30 17 1> <30 18 7>
     <30 19 4> <30 20 4> <30 21 6> <30 22 4> <30 23 7>
     <30 24 5> <30 25 8> <30 26 7> <30 27 3> <30 28 6>
     <30 29 7> <30 30 0>};
Nodes =  {<0 5 5> <1 9 9> <2 1 3> <3 9 4> <4 2 8> <5 4 5> <6 5 4>
     <7 2 0> <8 7 1> <9 5 3> <10 9 9> <11 3 5> <12 2 8>
     <13 3 7> <14 3 9> <15 9 4> <16 6 8> <17 5 1> <18 7 9>
     <19 8 6> <20 7 6> <21 0 2> <22 9 4> <23 6 9> <24 4 7>
     <25 0 7> <26 0 6> <27 3 2> <28 0 3> <29 7 9> <30 6 2>};
