nLocation = 40;
AreaWidth = 10;
Horizen = 1440;
MaxAirTime = 60;
ChargingTime = 5;
VehicleLocation =  [1 2 3 4 5 6 7 8 9 10 11 12 13 14 15 16 17 18 19 20 21 22 23 24 25 26 27 28
     29 30 31 32 33 34 35 36 37 38 39 40 0 0 0 0 0 0 0 0 0 0 0 0 0 0 0 0 0
     0 0 0 0 0 0 0 0 0 0 0 0 0 0 0 0 0 0 0 0 0 0 0];
InitialMissionCompleteTime =  [12 8 49 26 14 20 33 17 28 40 27 35 38 22 16 39 26 30 40 42 47 42 17 27 37
     17 38 26 36 41 7 18 13 42 31 33 48 39 32 21];
Tasks =  {<"on" 1 1 1 2 0 12>
     <"charge" 1 100 1 2 17 22>
     <"on" 1 2 1 2 12 62>
     <"charge" 1 200 1 2 67 72>
     <"on" 1 3 1 2 62 112>
     <"charge" 1 300 1 2 117 122>
     <"on" 1 4 1 2 112 162>
     <"charge" 1 400 1 2 167 172>
     <"on" 1 5 1 2 162 212>
     <"charge" 1 500 1 2 217 222>
     <"on" 1 6 1 2 212 262>
     <"charge" 1 600 1 2 267 272>
     <"on" 1 7 1 2 262 312>
     <"charge" 1 700 1 2 317 322>
     <"on" 1 8 1 2 312 362>
     <"charge" 1 800 1 2 367 372>
     <"on" 1 9 1 2 362 412>
     <"charge" 1 900 1 2 417 422>
     <"on" 1 10 1 2 412 462>
     <"charge" 1 1000 1 2 467 472>
     <"on" 1 11 1 2 462 512>
     <"charge" 1 1100 1 2 517 522>
     <"on" 1 12 1 2 512 562>
     <"charge" 1 1200 1 2 567 572>
     <"on" 1 13 1 2 562 612>
     <"charge" 1 1300 1 2 617 622>
     <"on" 1 14 1 2 612 662>
     <"charge" 1 1400 1 2 667 672>
     <"on" 1 15 1 2 662 712>
     <"charge" 1 1500 1 2 717 722>
     <"on" 1 16 1 2 712 762>
     <"charge" 1 1600 1 2 767 772>
     <"on" 1 17 1 2 762 812>
     <"charge" 1 1700 1 2 817 822>
     <"on" 1 18 1 2 812 862>
     <"charge" 1 1800 1 2 867 872>
     <"on" 1 19 1 2 862 912>
     <"charge" 1 1900 1 2 917 922>
     <"on" 1 20 1 2 912 962>
     <"charge" 1 2000 1 2 967 972>
     <"on" 1 21 1 2 962 1012>
     <"charge" 1 2100 1 2 1017 1022>
     <"on" 1 22 1 2 1012 1062>
     <"charge" 1 2200 1 2 1067 1072>
     <"on" 1 23 1 2 1062 1112>
     <"charge" 1 2300 1 2 1117 1122>
     <"on" 1 24 1 2 1112 1162>
     <"charge" 1 2400 1 2 1167 1172>
     <"on" 1 25 1 2 1162 1212>
     <"charge" 1 2500 1 2 1217 1222>
     <"on" 1 26 1 2 1212 1262>
     <"charge" 1 2600 1 2 1267 1272>
     <"on" 1 27 1 2 1262 1312>
     <"charge" 1 2700 1 2 1317 1322>
     <"on" 1 28 1 2 1312 1362>
     <"charge" 1 2800 1 2 1367 1372>
     <"on" 1 29 1 2 1362 1412>
     <"charge" 1 2900 1 2 1417 1422>
     <"on" 1 30 1 2 1412 1440>
     <"on" 2 1 4 2 0 8>
     <"charge" 2 100 4 2 11 16>
     <"on" 2 2 4 2 8 62>
     <"charge" 2 200 4 2 65 70>
     <"on" 2 3 4 2 62 116>
     <"charge" 2 300 4 2 119 124>
     <"on" 2 4 4 2 116 170>
     <"charge" 2 400 4 2 173 178>
     <"on" 2 5 4 2 170 224>
     <"charge" 2 500 4 2 227 232>
     <"on" 2 6 4 2 224 278>
     <"charge" 2 600 4 2 281 286>
     <"on" 2 7 4 2 278 332>
     <"charge" 2 700 4 2 335 340>
     <"on" 2 8 4 2 332 386>
     <"charge" 2 800 4 2 389 394>
     <"on" 2 9 4 2 386 440>
     <"charge" 2 900 4 2 443 448>
     <"on" 2 10 4 2 440 494>
     <"charge" 2 1000 4 2 497 502>
     <"on" 2 11 4 2 494 548>
     <"charge" 2 1100 4 2 551 556>
     <"on" 2 12 4 2 548 602>
     <"charge" 2 1200 4 2 605 610>
     <"on" 2 13 4 2 602 656>
     <"charge" 2 1300 4 2 659 664>
     <"on" 2 14 4 2 656 710>
     <"charge" 2 1400 4 2 713 718>
     <"on" 2 15 4 2 710 764>
     <"charge" 2 1500 4 2 767 772>
     <"on" 2 16 4 2 764 818>
     <"charge" 2 1600 4 2 821 826>
     <"on" 2 17 4 2 818 872>
     <"charge" 2 1700 4 2 875 880>
     <"on" 2 18 4 2 872 926>
     <"charge" 2 1800 4 2 929 934>
     <"on" 2 19 4 2 926 980>
     <"charge" 2 1900 4 2 983 988>
     <"on" 2 20 4 2 980 1034>
     <"charge" 2 2000 4 2 1037 1042>
     <"on" 2 21 4 2 1034 1088>
     <"charge" 2 2100 4 2 1091 1096>
     <"on" 2 22 4 2 1088 1142>
     <"charge" 2 2200 4 2 1145 1150>
     <"on" 2 23 4 2 1142 1196>
     <"charge" 2 2300 4 2 1199 1204>
     <"on" 2 24 4 2 1196 1250>
     <"charge" 2 2400 4 2 1253 1258>
     <"on" 2 25 4 2 1250 1304>
     <"charge" 2 2500 4 2 1307 1312>
     <"on" 2 26 4 2 1304 1358>
     <"charge" 2 2600 4 2 1361 1366>
     <"on" 2 27 4 2 1358 1412>
     <"charge" 2 2700 4 2 1415 1420>
     <"on" 2 28 4 2 1412 1440>
     <"on" 3 1 6 2 0 49>
     <"charge" 3 100 6 2 52 57>
     <"on" 3 2 6 2 49 103>
     <"charge" 3 200 6 2 106 111>
     <"on" 3 3 6 2 103 157>
     <"charge" 3 300 6 2 160 165>
     <"on" 3 4 6 2 157 211>
     <"charge" 3 400 6 2 214 219>
     <"on" 3 5 6 2 211 265>
     <"charge" 3 500 6 2 268 273>
     <"on" 3 6 6 2 265 319>
     <"charge" 3 600 6 2 322 327>
     <"on" 3 7 6 2 319 373>
     <"charge" 3 700 6 2 376 381>
     <"on" 3 8 6 2 373 427>
     <"charge" 3 800 6 2 430 435>
     <"on" 3 9 6 2 427 481>
     <"charge" 3 900 6 2 484 489>
     <"on" 3 10 6 2 481 535>
     <"charge" 3 1000 6 2 538 543>
     <"on" 3 11 6 2 535 589>
     <"charge" 3 1100 6 2 592 597>
     <"on" 3 12 6 2 589 643>
     <"charge" 3 1200 6 2 646 651>
     <"on" 3 13 6 2 643 697>
     <"charge" 3 1300 6 2 700 705>
     <"on" 3 14 6 2 697 751>
     <"charge" 3 1400 6 2 754 759>
     <"on" 3 15 6 2 751 805>
     <"charge" 3 1500 6 2 808 813>
     <"on" 3 16 6 2 805 859>
     <"charge" 3 1600 6 2 862 867>
     <"on" 3 17 6 2 859 913>
     <"charge" 3 1700 6 2 916 921>
     <"on" 3 18 6 2 913 967>
     <"charge" 3 1800 6 2 970 975>
     <"on" 3 19 6 2 967 1021>
     <"charge" 3 1900 6 2 1024 1029>
     <"on" 3 20 6 2 1021 1075>
     <"charge" 3 2000 6 2 1078 1083>
     <"on" 3 21 6 2 1075 1129>
     <"charge" 3 2100 6 2 1132 1137>
     <"on" 3 22 6 2 1129 1183>
     <"charge" 3 2200 6 2 1186 1191>
     <"on" 3 23 6 2 1183 1237>
     <"charge" 3 2300 6 2 1240 1245>
     <"on" 3 24 6 2 1237 1291>
     <"charge" 3 2400 6 2 1294 1299>
     <"on" 3 25 6 2 1291 1345>
     <"charge" 3 2500 6 2 1348 1353>
     <"on" 3 26 6 2 1345 1399>
     <"charge" 3 2600 6 2 1402 1407>
     <"on" 3 27 6 2 1399 1440>
     <"on" 4 1 1 9 0 26>
     <"charge" 4 100 1 9 32 37>
     <"on" 4 2 1 9 26 74>
     <"charge" 4 200 1 9 80 85>
     <"on" 4 3 1 9 74 122>
     <"charge" 4 300 1 9 128 133>
     <"on" 4 4 1 9 122 170>
     <"charge" 4 400 1 9 176 181>
     <"on" 4 5 1 9 170 218>
     <"charge" 4 500 1 9 224 229>
     <"on" 4 6 1 9 218 266>
     <"charge" 4 600 1 9 272 277>
     <"on" 4 7 1 9 266 314>
     <"charge" 4 700 1 9 320 325>
     <"on" 4 8 1 9 314 362>
     <"charge" 4 800 1 9 368 373>
     <"on" 4 9 1 9 362 410>
     <"charge" 4 900 1 9 416 421>
     <"on" 4 10 1 9 410 458>
     <"charge" 4 1000 1 9 464 469>
     <"on" 4 11 1 9 458 506>
     <"charge" 4 1100 1 9 512 517>
     <"on" 4 12 1 9 506 554>
     <"charge" 4 1200 1 9 560 565>
     <"on" 4 13 1 9 554 602>
     <"charge" 4 1300 1 9 608 613>
     <"on" 4 14 1 9 602 650>
     <"charge" 4 1400 1 9 656 661>
     <"on" 4 15 1 9 650 698>
     <"charge" 4 1500 1 9 704 709>
     <"on" 4 16 1 9 698 746>
     <"charge" 4 1600 1 9 752 757>
     <"on" 4 17 1 9 746 794>
     <"charge" 4 1700 1 9 800 805>
     <"on" 4 18 1 9 794 842>
     <"charge" 4 1800 1 9 848 853>
     <"on" 4 19 1 9 842 890>
     <"charge" 4 1900 1 9 896 901>
     <"on" 4 20 1 9 890 938>
     <"charge" 4 2000 1 9 944 949>
     <"on" 4 21 1 9 938 986>
     <"charge" 4 2100 1 9 992 997>
     <"on" 4 22 1 9 986 1034>
     <"charge" 4 2200 1 9 1040 1045>
     <"on" 4 23 1 9 1034 1082>
     <"charge" 4 2300 1 9 1088 1093>
     <"on" 4 24 1 9 1082 1130>
     <"charge" 4 2400 1 9 1136 1141>
     <"on" 4 25 1 9 1130 1178>
     <"charge" 4 2500 1 9 1184 1189>
     <"on" 4 26 1 9 1178 1226>
     <"charge" 4 2600 1 9 1232 1237>
     <"on" 4 27 1 9 1226 1274>
     <"charge" 4 2700 1 9 1280 1285>
     <"on" 4 28 1 9 1274 1322>
     <"charge" 4 2800 1 9 1328 1333>
     <"on" 4 29 1 9 1322 1370>
     <"charge" 4 2900 1 9 1376 1381>
     <"on" 4 30 1 9 1370 1418>
     <"charge" 4 3000 1 9 1424 1429>
     <"on" 4 31 1 9 1418 1440>
     <"on" 5 1 6 4 0 14>
     <"charge" 5 100 6 4 15 20>
     <"on" 5 2 6 4 14 72>
     <"charge" 5 200 6 4 73 78>
     <"on" 5 3 6 4 72 130>
     <"charge" 5 300 6 4 131 136>
     <"on" 5 4 6 4 130 188>
     <"charge" 5 400 6 4 189 194>
     <"on" 5 5 6 4 188 246>
     <"charge" 5 500 6 4 247 252>
     <"on" 5 6 6 4 246 304>
     <"charge" 5 600 6 4 305 310>
     <"on" 5 7 6 4 304 362>
     <"charge" 5 700 6 4 363 368>
     <"on" 5 8 6 4 362 420>
     <"charge" 5 800 6 4 421 426>
     <"on" 5 9 6 4 420 478>
     <"charge" 5 900 6 4 479 484>
     <"on" 5 10 6 4 478 536>
     <"charge" 5 1000 6 4 537 542>
     <"on" 5 11 6 4 536 594>
     <"charge" 5 1100 6 4 595 600>
     <"on" 5 12 6 4 594 652>
     <"charge" 5 1200 6 4 653 658>
     <"on" 5 13 6 4 652 710>
     <"charge" 5 1300 6 4 711 716>
     <"on" 5 14 6 4 710 768>
     <"charge" 5 1400 6 4 769 774>
     <"on" 5 15 6 4 768 826>
     <"charge" 5 1500 6 4 827 832>
     <"on" 5 16 6 4 826 884>
     <"charge" 5 1600 6 4 885 890>
     <"on" 5 17 6 4 884 942>
     <"charge" 5 1700 6 4 943 948>
     <"on" 5 18 6 4 942 1000>
     <"charge" 5 1800 6 4 1001 1006>
     <"on" 5 19 6 4 1000 1058>
     <"charge" 5 1900 6 4 1059 1064>
     <"on" 5 20 6 4 1058 1116>
     <"charge" 5 2000 6 4 1117 1122>
     <"on" 5 21 6 4 1116 1174>
     <"charge" 5 2100 6 4 1175 1180>
     <"on" 5 22 6 4 1174 1232>
     <"charge" 5 2200 6 4 1233 1238>
     <"on" 5 23 6 4 1232 1290>
     <"charge" 5 2300 6 4 1291 1296>
     <"on" 5 24 6 4 1290 1348>
     <"charge" 5 2400 6 4 1349 1354>
     <"on" 5 25 6 4 1348 1406>
     <"charge" 5 2500 6 4 1407 1412>
     <"on" 5 26 6 4 1406 1440>
     <"on" 6 1 6 2 0 20>
     <"charge" 6 100 6 2 23 28>
     <"on" 6 2 6 2 20 74>
     <"charge" 6 200 6 2 77 82>
     <"on" 6 3 6 2 74 128>
     <"charge" 6 300 6 2 131 136>
     <"on" 6 4 6 2 128 182>
     <"charge" 6 400 6 2 185 190>
     <"on" 6 5 6 2 182 236>
     <"charge" 6 500 6 2 239 244>
     <"on" 6 6 6 2 236 290>
     <"charge" 6 600 6 2 293 298>
     <"on" 6 7 6 2 290 344>
     <"charge" 6 700 6 2 347 352>
     <"on" 6 8 6 2 344 398>
     <"charge" 6 800 6 2 401 406>
     <"on" 6 9 6 2 398 452>
     <"charge" 6 900 6 2 455 460>
     <"on" 6 10 6 2 452 506>
     <"charge" 6 1000 6 2 509 514>
     <"on" 6 11 6 2 506 560>
     <"charge" 6 1100 6 2 563 568>
     <"on" 6 12 6 2 560 614>
     <"charge" 6 1200 6 2 617 622>
     <"on" 6 13 6 2 614 668>
     <"charge" 6 1300 6 2 671 676>
     <"on" 6 14 6 2 668 722>
     <"charge" 6 1400 6 2 725 730>
     <"on" 6 15 6 2 722 776>
     <"charge" 6 1500 6 2 779 784>
     <"on" 6 16 6 2 776 830>
     <"charge" 6 1600 6 2 833 838>
     <"on" 6 17 6 2 830 884>
     <"charge" 6 1700 6 2 887 892>
     <"on" 6 18 6 2 884 938>
     <"charge" 6 1800 6 2 941 946>
     <"on" 6 19 6 2 938 992>
     <"charge" 6 1900 6 2 995 1000>
     <"on" 6 20 6 2 992 1046>
     <"charge" 6 2000 6 2 1049 1054>
     <"on" 6 21 6 2 1046 1100>
     <"charge" 6 2100 6 2 1103 1108>
     <"on" 6 22 6 2 1100 1154>
     <"charge" 6 2200 6 2 1157 1162>
     <"on" 6 23 6 2 1154 1208>
     <"charge" 6 2300 6 2 1211 1216>
     <"on" 6 24 6 2 1208 1262>
     <"charge" 6 2400 6 2 1265 1270>
     <"on" 6 25 6 2 1262 1316>
     <"charge" 6 2500 6 2 1319 1324>
     <"on" 6 26 6 2 1316 1370>
     <"charge" 6 2600 6 2 1373 1378>
     <"on" 6 27 6 2 1370 1424>
     <"charge" 6 2700 6 2 1427 1432>
     <"on" 6 28 6 2 1424 1440>
     <"on" 7 1 5 5 0 33>
     <"charge" 7 100 5 5 33 38>
     <"on" 7 2 5 5 33 93>
     <"charge" 7 200 5 5 93 98>
     <"on" 7 3 5 5 93 153>
     <"charge" 7 300 5 5 153 158>
     <"on" 7 4 5 5 153 213>
     <"charge" 7 400 5 5 213 218>
     <"on" 7 5 5 5 213 273>
     <"charge" 7 500 5 5 273 278>
     <"on" 7 6 5 5 273 333>
     <"charge" 7 600 5 5 333 338>
     <"on" 7 7 5 5 333 393>
     <"charge" 7 700 5 5 393 398>
     <"on" 7 8 5 5 393 453>
     <"charge" 7 800 5 5 453 458>
     <"on" 7 9 5 5 453 513>
     <"charge" 7 900 5 5 513 518>
     <"on" 7 10 5 5 513 573>
     <"charge" 7 1000 5 5 573 578>
     <"on" 7 11 5 5 573 633>
     <"charge" 7 1100 5 5 633 638>
     <"on" 7 12 5 5 633 693>
     <"charge" 7 1200 5 5 693 698>
     <"on" 7 13 5 5 693 753>
     <"charge" 7 1300 5 5 753 758>
     <"on" 7 14 5 5 753 813>
     <"charge" 7 1400 5 5 813 818>
     <"on" 7 15 5 5 813 873>
     <"charge" 7 1500 5 5 873 878>
     <"on" 7 16 5 5 873 933>
     <"charge" 7 1600 5 5 933 938>
     <"on" 7 17 5 5 933 993>
     <"charge" 7 1700 5 5 993 998>
     <"on" 7 18 5 5 993 1053>
     <"charge" 7 1800 5 5 1053 1058>
     <"on" 7 19 5 5 1053 1113>
     <"charge" 7 1900 5 5 1113 1118>
     <"on" 7 20 5 5 1113 1173>
     <"charge" 7 2000 5 5 1173 1178>
     <"on" 7 21 5 5 1173 1233>
     <"charge" 7 2100 5 5 1233 1238>
     <"on" 7 22 5 5 1233 1293>
     <"charge" 7 2200 5 5 1293 1298>
     <"on" 7 23 5 5 1293 1353>
     <"charge" 7 2300 5 5 1353 1358>
     <"on" 7 24 5 5 1353 1413>
     <"charge" 7 2400 5 5 1413 1418>
     <"on" 7 25 5 5 1413 1440>
     <"on" 8 1 0 5 0 17>
     <"charge" 8 100 0 5 22 27>
     <"on" 8 2 0 5 17 67>
     <"charge" 8 200 0 5 72 77>
     <"on" 8 3 0 5 67 117>
     <"charge" 8 300 0 5 122 127>
     <"on" 8 4 0 5 117 167>
     <"charge" 8 400 0 5 172 177>
     <"on" 8 5 0 5 167 217>
     <"charge" 8 500 0 5 222 227>
     <"on" 8 6 0 5 217 267>
     <"charge" 8 600 0 5 272 277>
     <"on" 8 7 0 5 267 317>
     <"charge" 8 700 0 5 322 327>
     <"on" 8 8 0 5 317 367>
     <"charge" 8 800 0 5 372 377>
     <"on" 8 9 0 5 367 417>
     <"charge" 8 900 0 5 422 427>
     <"on" 8 10 0 5 417 467>
     <"charge" 8 1000 0 5 472 477>
     <"on" 8 11 0 5 467 517>
     <"charge" 8 1100 0 5 522 527>
     <"on" 8 12 0 5 517 567>
     <"charge" 8 1200 0 5 572 577>
     <"on" 8 13 0 5 567 617>
     <"charge" 8 1300 0 5 622 627>
     <"on" 8 14 0 5 617 667>
     <"charge" 8 1400 0 5 672 677>
     <"on" 8 15 0 5 667 717>
     <"charge" 8 1500 0 5 722 727>
     <"on" 8 16 0 5 717 767>
     <"charge" 8 1600 0 5 772 777>
     <"on" 8 17 0 5 767 817>
     <"charge" 8 1700 0 5 822 827>
     <"on" 8 18 0 5 817 867>
     <"charge" 8 1800 0 5 872 877>
     <"on" 8 19 0 5 867 917>
     <"charge" 8 1900 0 5 922 927>
     <"on" 8 20 0 5 917 967>
     <"charge" 8 2000 0 5 972 977>
     <"on" 8 21 0 5 967 1017>
     <"charge" 8 2100 0 5 1022 1027>
     <"on" 8 22 0 5 1017 1067>
     <"charge" 8 2200 0 5 1072 1077>
     <"on" 8 23 0 5 1067 1117>
     <"charge" 8 2300 0 5 1122 1127>
     <"on" 8 24 0 5 1117 1167>
     <"charge" 8 2400 0 5 1172 1177>
     <"on" 8 25 0 5 1167 1217>
     <"charge" 8 2500 0 5 1222 1227>
     <"on" 8 26 0 5 1217 1267>
     <"charge" 8 2600 0 5 1272 1277>
     <"on" 8 27 0 5 1267 1317>
     <"charge" 8 2700 0 5 1322 1327>
     <"on" 8 28 0 5 1317 1367>
     <"charge" 8 2800 0 5 1372 1377>
     <"on" 8 29 0 5 1367 1417>
     <"charge" 8 2900 0 5 1422 1427>
     <"on" 8 30 0 5 1417 1440>
     <"on" 9 1 9 6 0 28>
     <"charge" 9 100 9 6 32 37>
     <"on" 9 2 9 6 28 80>
     <"charge" 9 200 9 6 84 89>
     <"on" 9 3 9 6 80 132>
     <"charge" 9 300 9 6 136 141>
     <"on" 9 4 9 6 132 184>
     <"charge" 9 400 9 6 188 193>
     <"on" 9 5 9 6 184 236>
     <"charge" 9 500 9 6 240 245>
     <"on" 9 6 9 6 236 288>
     <"charge" 9 600 9 6 292 297>
     <"on" 9 7 9 6 288 340>
     <"charge" 9 700 9 6 344 349>
     <"on" 9 8 9 6 340 392>
     <"charge" 9 800 9 6 396 401>
     <"on" 9 9 9 6 392 444>
     <"charge" 9 900 9 6 448 453>
     <"on" 9 10 9 6 444 496>
     <"charge" 9 1000 9 6 500 505>
     <"on" 9 11 9 6 496 548>
     <"charge" 9 1100 9 6 552 557>
     <"on" 9 12 9 6 548 600>
     <"charge" 9 1200 9 6 604 609>
     <"on" 9 13 9 6 600 652>
     <"charge" 9 1300 9 6 656 661>
     <"on" 9 14 9 6 652 704>
     <"charge" 9 1400 9 6 708 713>
     <"on" 9 15 9 6 704 756>
     <"charge" 9 1500 9 6 760 765>
     <"on" 9 16 9 6 756 808>
     <"charge" 9 1600 9 6 812 817>
     <"on" 9 17 9 6 808 860>
     <"charge" 9 1700 9 6 864 869>
     <"on" 9 18 9 6 860 912>
     <"charge" 9 1800 9 6 916 921>
     <"on" 9 19 9 6 912 964>
     <"charge" 9 1900 9 6 968 973>
     <"on" 9 20 9 6 964 1016>
     <"charge" 9 2000 9 6 1020 1025>
     <"on" 9 21 9 6 1016 1068>
     <"charge" 9 2100 9 6 1072 1077>
     <"on" 9 22 9 6 1068 1120>
     <"charge" 9 2200 9 6 1124 1129>
     <"on" 9 23 9 6 1120 1172>
     <"charge" 9 2300 9 6 1176 1181>
     <"on" 9 24 9 6 1172 1224>
     <"charge" 9 2400 9 6 1228 1233>
     <"on" 9 25 9 6 1224 1276>
     <"charge" 9 2500 9 6 1280 1285>
     <"on" 9 26 9 6 1276 1328>
     <"charge" 9 2600 9 6 1332 1337>
     <"on" 9 27 9 6 1328 1380>
     <"charge" 9 2700 9 6 1384 1389>
     <"on" 9 28 9 6 1380 1432>
     <"charge" 9 2800 9 6 1436 1440>
     <"on" 9 29 9 6 1432 1440>
     <"on" 10 1 4 1 0 40>
     <"charge" 10 100 4 1 44 49>
     <"on" 10 2 4 1 40 92>
     <"charge" 10 200 4 1 96 101>
     <"on" 10 3 4 1 92 144>
     <"charge" 10 300 4 1 148 153>
     <"on" 10 4 4 1 144 196>
     <"charge" 10 400 4 1 200 205>
     <"on" 10 5 4 1 196 248>
     <"charge" 10 500 4 1 252 257>
     <"on" 10 6 4 1 248 300>
     <"charge" 10 600 4 1 304 309>
     <"on" 10 7 4 1 300 352>
     <"charge" 10 700 4 1 356 361>
     <"on" 10 8 4 1 352 404>
     <"charge" 10 800 4 1 408 413>
     <"on" 10 9 4 1 404 456>
     <"charge" 10 900 4 1 460 465>
     <"on" 10 10 4 1 456 508>
     <"charge" 10 1000 4 1 512 517>
     <"on" 10 11 4 1 508 560>
     <"charge" 10 1100 4 1 564 569>
     <"on" 10 12 4 1 560 612>
     <"charge" 10 1200 4 1 616 621>
     <"on" 10 13 4 1 612 664>
     <"charge" 10 1300 4 1 668 673>
     <"on" 10 14 4 1 664 716>
     <"charge" 10 1400 4 1 720 725>
     <"on" 10 15 4 1 716 768>
     <"charge" 10 1500 4 1 772 777>
     <"on" 10 16 4 1 768 820>
     <"charge" 10 1600 4 1 824 829>
     <"on" 10 17 4 1 820 872>
     <"charge" 10 1700 4 1 876 881>
     <"on" 10 18 4 1 872 924>
     <"charge" 10 1800 4 1 928 933>
     <"on" 10 19 4 1 924 976>
     <"charge" 10 1900 4 1 980 985>
     <"on" 10 20 4 1 976 1028>
     <"charge" 10 2000 4 1 1032 1037>
     <"on" 10 21 4 1 1028 1080>
     <"charge" 10 2100 4 1 1084 1089>
     <"on" 10 22 4 1 1080 1132>
     <"charge" 10 2200 4 1 1136 1141>
     <"on" 10 23 4 1 1132 1184>
     <"charge" 10 2300 4 1 1188 1193>
     <"on" 10 24 4 1 1184 1236>
     <"charge" 10 2400 4 1 1240 1245>
     <"on" 10 25 4 1 1236 1288>
     <"charge" 10 2500 4 1 1292 1297>
     <"on" 10 26 4 1 1288 1340>
     <"charge" 10 2600 4 1 1344 1349>
     <"on" 10 27 4 1 1340 1392>
     <"charge" 10 2700 4 1 1396 1401>
     <"on" 10 28 4 1 1392 1440>
     <"on" 11 1 4 4 0 27>
     <"charge" 11 100 4 4 28 33>
     <"on" 11 2 4 4 27 85>
     <"charge" 11 200 4 4 86 91>
     <"on" 11 3 4 4 85 143>
     <"charge" 11 300 4 4 144 149>
     <"on" 11 4 4 4 143 201>
     <"charge" 11 400 4 4 202 207>
     <"on" 11 5 4 4 201 259>
     <"charge" 11 500 4 4 260 265>
     <"on" 11 6 4 4 259 317>
     <"charge" 11 600 4 4 318 323>
     <"on" 11 7 4 4 317 375>
     <"charge" 11 700 4 4 376 381>
     <"on" 11 8 4 4 375 433>
     <"charge" 11 800 4 4 434 439>
     <"on" 11 9 4 4 433 491>
     <"charge" 11 900 4 4 492 497>
     <"on" 11 10 4 4 491 549>
     <"charge" 11 1000 4 4 550 555>
     <"on" 11 11 4 4 549 607>
     <"charge" 11 1100 4 4 608 613>
     <"on" 11 12 4 4 607 665>
     <"charge" 11 1200 4 4 666 671>
     <"on" 11 13 4 4 665 723>
     <"charge" 11 1300 4 4 724 729>
     <"on" 11 14 4 4 723 781>
     <"charge" 11 1400 4 4 782 787>
     <"on" 11 15 4 4 781 839>
     <"charge" 11 1500 4 4 840 845>
     <"on" 11 16 4 4 839 897>
     <"charge" 11 1600 4 4 898 903>
     <"on" 11 17 4 4 897 955>
     <"charge" 11 1700 4 4 956 961>
     <"on" 11 18 4 4 955 1013>
     <"charge" 11 1800 4 4 1014 1019>
     <"on" 11 19 4 4 1013 1071>
     <"charge" 11 1900 4 4 1072 1077>
     <"on" 11 20 4 4 1071 1129>
     <"charge" 11 2000 4 4 1130 1135>
     <"on" 11 21 4 4 1129 1187>
     <"charge" 11 2100 4 4 1188 1193>
     <"on" 11 22 4 4 1187 1245>
     <"charge" 11 2200 4 4 1246 1251>
     <"on" 11 23 4 4 1245 1303>
     <"charge" 11 2300 4 4 1304 1309>
     <"on" 11 24 4 4 1303 1361>
     <"charge" 11 2400 4 4 1362 1367>
     <"on" 11 25 4 4 1361 1419>
     <"charge" 11 2500 4 4 1420 1425>
     <"on" 11 26 4 4 1419 1440>
     <"on" 12 1 7 1 0 35>
     <"charge" 12 100 7 1 39 44>
     <"on" 12 2 7 1 35 87>
     <"charge" 12 200 7 1 91 96>
     <"on" 12 3 7 1 87 139>
     <"charge" 12 300 7 1 143 148>
     <"on" 12 4 7 1 139 191>
     <"charge" 12 400 7 1 195 200>
     <"on" 12 5 7 1 191 243>
     <"charge" 12 500 7 1 247 252>
     <"on" 12 6 7 1 243 295>
     <"charge" 12 600 7 1 299 304>
     <"on" 12 7 7 1 295 347>
     <"charge" 12 700 7 1 351 356>
     <"on" 12 8 7 1 347 399>
     <"charge" 12 800 7 1 403 408>
     <"on" 12 9 7 1 399 451>
     <"charge" 12 900 7 1 455 460>
     <"on" 12 10 7 1 451 503>
     <"charge" 12 1000 7 1 507 512>
     <"on" 12 11 7 1 503 555>
     <"charge" 12 1100 7 1 559 564>
     <"on" 12 12 7 1 555 607>
     <"charge" 12 1200 7 1 611 616>
     <"on" 12 13 7 1 607 659>
     <"charge" 12 1300 7 1 663 668>
     <"on" 12 14 7 1 659 711>
     <"charge" 12 1400 7 1 715 720>
     <"on" 12 15 7 1 711 763>
     <"charge" 12 1500 7 1 767 772>
     <"on" 12 16 7 1 763 815>
     <"charge" 12 1600 7 1 819 824>
     <"on" 12 17 7 1 815 867>
     <"charge" 12 1700 7 1 871 876>
     <"on" 12 18 7 1 867 919>
     <"charge" 12 1800 7 1 923 928>
     <"on" 12 19 7 1 919 971>
     <"charge" 12 1900 7 1 975 980>
     <"on" 12 20 7 1 971 1023>
     <"charge" 12 2000 7 1 1027 1032>
     <"on" 12 21 7 1 1023 1075>
     <"charge" 12 2100 7 1 1079 1084>
     <"on" 12 22 7 1 1075 1127>
     <"charge" 12 2200 7 1 1131 1136>
     <"on" 12 23 7 1 1127 1179>
     <"charge" 12 2300 7 1 1183 1188>
     <"on" 12 24 7 1 1179 1231>
     <"charge" 12 2400 7 1 1235 1240>
     <"on" 12 25 7 1 1231 1283>
     <"charge" 12 2500 7 1 1287 1292>
     <"on" 12 26 7 1 1283 1335>
     <"charge" 12 2600 7 1 1339 1344>
     <"on" 12 27 7 1 1335 1387>
     <"charge" 12 2700 7 1 1391 1396>
     <"on" 12 28 7 1 1387 1439>
     <"on" 13 1 7 1 0 38>
     <"charge" 13 100 7 1 42 47>
     <"on" 13 2 7 1 38 90>
     <"charge" 13 200 7 1 94 99>
     <"on" 13 3 7 1 90 142>
     <"charge" 13 300 7 1 146 151>
     <"on" 13 4 7 1 142 194>
     <"charge" 13 400 7 1 198 203>
     <"on" 13 5 7 1 194 246>
     <"charge" 13 500 7 1 250 255>
     <"on" 13 6 7 1 246 298>
     <"charge" 13 600 7 1 302 307>
     <"on" 13 7 7 1 298 350>
     <"charge" 13 700 7 1 354 359>
     <"on" 13 8 7 1 350 402>
     <"charge" 13 800 7 1 406 411>
     <"on" 13 9 7 1 402 454>
     <"charge" 13 900 7 1 458 463>
     <"on" 13 10 7 1 454 506>
     <"charge" 13 1000 7 1 510 515>
     <"on" 13 11 7 1 506 558>
     <"charge" 13 1100 7 1 562 567>
     <"on" 13 12 7 1 558 610>
     <"charge" 13 1200 7 1 614 619>
     <"on" 13 13 7 1 610 662>
     <"charge" 13 1300 7 1 666 671>
     <"on" 13 14 7 1 662 714>
     <"charge" 13 1400 7 1 718 723>
     <"on" 13 15 7 1 714 766>
     <"charge" 13 1500 7 1 770 775>
     <"on" 13 16 7 1 766 818>
     <"charge" 13 1600 7 1 822 827>
     <"on" 13 17 7 1 818 870>
     <"charge" 13 1700 7 1 874 879>
     <"on" 13 18 7 1 870 922>
     <"charge" 13 1800 7 1 926 931>
     <"on" 13 19 7 1 922 974>
     <"charge" 13 1900 7 1 978 983>
     <"on" 13 20 7 1 974 1026>
     <"charge" 13 2000 7 1 1030 1035>
     <"on" 13 21 7 1 1026 1078>
     <"charge" 13 2100 7 1 1082 1087>
     <"on" 13 22 7 1 1078 1130>
     <"charge" 13 2200 7 1 1134 1139>
     <"on" 13 23 7 1 1130 1182>
     <"charge" 13 2300 7 1 1186 1191>
     <"on" 13 24 7 1 1182 1234>
     <"charge" 13 2400 7 1 1238 1243>
     <"on" 13 25 7 1 1234 1286>
     <"charge" 13 2500 7 1 1290 1295>
     <"on" 13 26 7 1 1286 1338>
     <"charge" 13 2600 7 1 1342 1347>
     <"on" 13 27 7 1 1338 1390>
     <"charge" 13 2700 7 1 1394 1399>
     <"on" 13 28 7 1 1390 1440>
     <"on" 14 1 7 8 0 22>
     <"charge" 14 100 7 8 26 31>
     <"on" 14 2 7 8 22 74>
     <"charge" 14 200 7 8 78 83>
     <"on" 14 3 7 8 74 126>
     <"charge" 14 300 7 8 130 135>
     <"on" 14 4 7 8 126 178>
     <"charge" 14 400 7 8 182 187>
     <"on" 14 5 7 8 178 230>
     <"charge" 14 500 7 8 234 239>
     <"on" 14 6 7 8 230 282>
     <"charge" 14 600 7 8 286 291>
     <"on" 14 7 7 8 282 334>
     <"charge" 14 700 7 8 338 343>
     <"on" 14 8 7 8 334 386>
     <"charge" 14 800 7 8 390 395>
     <"on" 14 9 7 8 386 438>
     <"charge" 14 900 7 8 442 447>
     <"on" 14 10 7 8 438 490>
     <"charge" 14 1000 7 8 494 499>
     <"on" 14 11 7 8 490 542>
     <"charge" 14 1100 7 8 546 551>
     <"on" 14 12 7 8 542 594>
     <"charge" 14 1200 7 8 598 603>
     <"on" 14 13 7 8 594 646>
     <"charge" 14 1300 7 8 650 655>
     <"on" 14 14 7 8 646 698>
     <"charge" 14 1400 7 8 702 707>
     <"on" 14 15 7 8 698 750>
     <"charge" 14 1500 7 8 754 759>
     <"on" 14 16 7 8 750 802>
     <"charge" 14 1600 7 8 806 811>
     <"on" 14 17 7 8 802 854>
     <"charge" 14 1700 7 8 858 863>
     <"on" 14 18 7 8 854 906>
     <"charge" 14 1800 7 8 910 915>
     <"on" 14 19 7 8 906 958>
     <"charge" 14 1900 7 8 962 967>
     <"on" 14 20 7 8 958 1010>
     <"charge" 14 2000 7 8 1014 1019>
     <"on" 14 21 7 8 1010 1062>
     <"charge" 14 2100 7 8 1066 1071>
     <"on" 14 22 7 8 1062 1114>
     <"charge" 14 2200 7 8 1118 1123>
     <"on" 14 23 7 8 1114 1166>
     <"charge" 14 2300 7 8 1170 1175>
     <"on" 14 24 7 8 1166 1218>
     <"charge" 14 2400 7 8 1222 1227>
     <"on" 14 25 7 8 1218 1270>
     <"charge" 14 2500 7 8 1274 1279>
     <"on" 14 26 7 8 1270 1322>
     <"charge" 14 2600 7 8 1326 1331>
     <"on" 14 27 7 8 1322 1374>
     <"charge" 14 2700 7 8 1378 1383>
     <"on" 14 28 7 8 1374 1426>
     <"charge" 14 2800 7 8 1430 1435>
     <"on" 14 29 7 8 1426 1440>
     <"on" 15 1 7 6 0 16>
     <"charge" 15 100 7 6 18 23>
     <"on" 15 2 7 6 16 72>
     <"charge" 15 200 7 6 74 79>
     <"on" 15 3 7 6 72 128>
     <"charge" 15 300 7 6 130 135>
     <"on" 15 4 7 6 128 184>
     <"charge" 15 400 7 6 186 191>
     <"on" 15 5 7 6 184 240>
     <"charge" 15 500 7 6 242 247>
     <"on" 15 6 7 6 240 296>
     <"charge" 15 600 7 6 298 303>
     <"on" 15 7 7 6 296 352>
     <"charge" 15 700 7 6 354 359>
     <"on" 15 8 7 6 352 408>
     <"charge" 15 800 7 6 410 415>
     <"on" 15 9 7 6 408 464>
     <"charge" 15 900 7 6 466 471>
     <"on" 15 10 7 6 464 520>
     <"charge" 15 1000 7 6 522 527>
     <"on" 15 11 7 6 520 576>
     <"charge" 15 1100 7 6 578 583>
     <"on" 15 12 7 6 576 632>
     <"charge" 15 1200 7 6 634 639>
     <"on" 15 13 7 6 632 688>
     <"charge" 15 1300 7 6 690 695>
     <"on" 15 14 7 6 688 744>
     <"charge" 15 1400 7 6 746 751>
     <"on" 15 15 7 6 744 800>
     <"charge" 15 1500 7 6 802 807>
     <"on" 15 16 7 6 800 856>
     <"charge" 15 1600 7 6 858 863>
     <"on" 15 17 7 6 856 912>
     <"charge" 15 1700 7 6 914 919>
     <"on" 15 18 7 6 912 968>
     <"charge" 15 1800 7 6 970 975>
     <"on" 15 19 7 6 968 1024>
     <"charge" 15 1900 7 6 1026 1031>
     <"on" 15 20 7 6 1024 1080>
     <"charge" 15 2000 7 6 1082 1087>
     <"on" 15 21 7 6 1080 1136>
     <"charge" 15 2100 7 6 1138 1143>
     <"on" 15 22 7 6 1136 1192>
     <"charge" 15 2200 7 6 1194 1199>
     <"on" 15 23 7 6 1192 1248>
     <"charge" 15 2300 7 6 1250 1255>
     <"on" 15 24 7 6 1248 1304>
     <"charge" 15 2400 7 6 1306 1311>
     <"on" 15 25 7 6 1304 1360>
     <"charge" 15 2500 7 6 1362 1367>
     <"on" 15 26 7 6 1360 1416>
     <"charge" 15 2600 7 6 1418 1423>
     <"on" 15 27 7 6 1416 1440>
     <"on" 16 1 3 4 0 39>
     <"charge" 16 100 3 4 41 46>
     <"on" 16 2 3 4 39 95>
     <"charge" 16 200 3 4 97 102>
     <"on" 16 3 3 4 95 151>
     <"charge" 16 300 3 4 153 158>
     <"on" 16 4 3 4 151 207>
     <"charge" 16 400 3 4 209 214>
     <"on" 16 5 3 4 207 263>
     <"charge" 16 500 3 4 265 270>
     <"on" 16 6 3 4 263 319>
     <"charge" 16 600 3 4 321 326>
     <"on" 16 7 3 4 319 375>
     <"charge" 16 700 3 4 377 382>
     <"on" 16 8 3 4 375 431>
     <"charge" 16 800 3 4 433 438>
     <"on" 16 9 3 4 431 487>
     <"charge" 16 900 3 4 489 494>
     <"on" 16 10 3 4 487 543>
     <"charge" 16 1000 3 4 545 550>
     <"on" 16 11 3 4 543 599>
     <"charge" 16 1100 3 4 601 606>
     <"on" 16 12 3 4 599 655>
     <"charge" 16 1200 3 4 657 662>
     <"on" 16 13 3 4 655 711>
     <"charge" 16 1300 3 4 713 718>
     <"on" 16 14 3 4 711 767>
     <"charge" 16 1400 3 4 769 774>
     <"on" 16 15 3 4 767 823>
     <"charge" 16 1500 3 4 825 830>
     <"on" 16 16 3 4 823 879>
     <"charge" 16 1600 3 4 881 886>
     <"on" 16 17 3 4 879 935>
     <"charge" 16 1700 3 4 937 942>
     <"on" 16 18 3 4 935 991>
     <"charge" 16 1800 3 4 993 998>
     <"on" 16 19 3 4 991 1047>
     <"charge" 16 1900 3 4 1049 1054>
     <"on" 16 20 3 4 1047 1103>
     <"charge" 16 2000 3 4 1105 1110>
     <"on" 16 21 3 4 1103 1159>
     <"charge" 16 2100 3 4 1161 1166>
     <"on" 16 22 3 4 1159 1215>
     <"charge" 16 2200 3 4 1217 1222>
     <"on" 16 23 3 4 1215 1271>
     <"charge" 16 2300 3 4 1273 1278>
     <"on" 16 24 3 4 1271 1327>
     <"charge" 16 2400 3 4 1329 1334>
     <"on" 16 25 3 4 1327 1383>
     <"charge" 16 2500 3 4 1385 1390>
     <"on" 16 26 3 4 1383 1439>
     <"on" 17 1 3 0 0 26>
     <"charge" 17 100 3 0 31 36>
     <"on" 17 2 3 0 26 76>
     <"charge" 17 200 3 0 81 86>
     <"on" 17 3 3 0 76 126>
     <"charge" 17 300 3 0 131 136>
     <"on" 17 4 3 0 126 176>
     <"charge" 17 400 3 0 181 186>
     <"on" 17 5 3 0 176 226>
     <"charge" 17 500 3 0 231 236>
     <"on" 17 6 3 0 226 276>
     <"charge" 17 600 3 0 281 286>
     <"on" 17 7 3 0 276 326>
     <"charge" 17 700 3 0 331 336>
     <"on" 17 8 3 0 326 376>
     <"charge" 17 800 3 0 381 386>
     <"on" 17 9 3 0 376 426>
     <"charge" 17 900 3 0 431 436>
     <"on" 17 10 3 0 426 476>
     <"charge" 17 1000 3 0 481 486>
     <"on" 17 11 3 0 476 526>
     <"charge" 17 1100 3 0 531 536>
     <"on" 17 12 3 0 526 576>
     <"charge" 17 1200 3 0 581 586>
     <"on" 17 13 3 0 576 626>
     <"charge" 17 1300 3 0 631 636>
     <"on" 17 14 3 0 626 676>
     <"charge" 17 1400 3 0 681 686>
     <"on" 17 15 3 0 676 726>
     <"charge" 17 1500 3 0 731 736>
     <"on" 17 16 3 0 726 776>
     <"charge" 17 1600 3 0 781 786>
     <"on" 17 17 3 0 776 826>
     <"charge" 17 1700 3 0 831 836>
     <"on" 17 18 3 0 826 876>
     <"charge" 17 1800 3 0 881 886>
     <"on" 17 19 3 0 876 926>
     <"charge" 17 1900 3 0 931 936>
     <"on" 17 20 3 0 926 976>
     <"charge" 17 2000 3 0 981 986>
     <"on" 17 21 3 0 976 1026>
     <"charge" 17 2100 3 0 1031 1036>
     <"on" 17 22 3 0 1026 1076>
     <"charge" 17 2200 3 0 1081 1086>
     <"on" 17 23 3 0 1076 1126>
     <"charge" 17 2300 3 0 1131 1136>
     <"on" 17 24 3 0 1126 1176>
     <"charge" 17 2400 3 0 1181 1186>
     <"on" 17 25 3 0 1176 1226>
     <"charge" 17 2500 3 0 1231 1236>
     <"on" 17 26 3 0 1226 1276>
     <"charge" 17 2600 3 0 1281 1286>
     <"on" 17 27 3 0 1276 1326>
     <"charge" 17 2700 3 0 1331 1336>
     <"on" 17 28 3 0 1326 1376>
     <"charge" 17 2800 3 0 1381 1386>
     <"on" 17 29 3 0 1376 1426>
     <"charge" 17 2900 3 0 1431 1436>
     <"on" 17 30 3 0 1426 1440>
     <"on" 18 1 2 3 0 30>
     <"charge" 18 100 2 3 34 39>
     <"on" 18 2 2 3 30 82>
     <"charge" 18 200 2 3 86 91>
     <"on" 18 3 2 3 82 134>
     <"charge" 18 300 2 3 138 143>
     <"on" 18 4 2 3 134 186>
     <"charge" 18 400 2 3 190 195>
     <"on" 18 5 2 3 186 238>
     <"charge" 18 500 2 3 242 247>
     <"on" 18 6 2 3 238 290>
     <"charge" 18 600 2 3 294 299>
     <"on" 18 7 2 3 290 342>
     <"charge" 18 700 2 3 346 351>
     <"on" 18 8 2 3 342 394>
     <"charge" 18 800 2 3 398 403>
     <"on" 18 9 2 3 394 446>
     <"charge" 18 900 2 3 450 455>
     <"on" 18 10 2 3 446 498>
     <"charge" 18 1000 2 3 502 507>
     <"on" 18 11 2 3 498 550>
     <"charge" 18 1100 2 3 554 559>
     <"on" 18 12 2 3 550 602>
     <"charge" 18 1200 2 3 606 611>
     <"on" 18 13 2 3 602 654>
     <"charge" 18 1300 2 3 658 663>
     <"on" 18 14 2 3 654 706>
     <"charge" 18 1400 2 3 710 715>
     <"on" 18 15 2 3 706 758>
     <"charge" 18 1500 2 3 762 767>
     <"on" 18 16 2 3 758 810>
     <"charge" 18 1600 2 3 814 819>
     <"on" 18 17 2 3 810 862>
     <"charge" 18 1700 2 3 866 871>
     <"on" 18 18 2 3 862 914>
     <"charge" 18 1800 2 3 918 923>
     <"on" 18 19 2 3 914 966>
     <"charge" 18 1900 2 3 970 975>
     <"on" 18 20 2 3 966 1018>
     <"charge" 18 2000 2 3 1022 1027>
     <"on" 18 21 2 3 1018 1070>
     <"charge" 18 2100 2 3 1074 1079>
     <"on" 18 22 2 3 1070 1122>
     <"charge" 18 2200 2 3 1126 1131>
     <"on" 18 23 2 3 1122 1174>
     <"charge" 18 2300 2 3 1178 1183>
     <"on" 18 24 2 3 1174 1226>
     <"charge" 18 2400 2 3 1230 1235>
     <"on" 18 25 2 3 1226 1278>
     <"charge" 18 2500 2 3 1282 1287>
     <"on" 18 26 2 3 1278 1330>
     <"charge" 18 2600 2 3 1334 1339>
     <"on" 18 27 2 3 1330 1382>
     <"charge" 18 2700 2 3 1386 1391>
     <"on" 18 28 2 3 1382 1434>
     <"charge" 18 2800 2 3 1438 1440>
     <"on" 18 29 2 3 1434 1440>
     <"on" 19 1 9 1 0 40>
     <"charge" 19 100 9 1 46 51>
     <"on" 19 2 9 1 40 88>
     <"charge" 19 200 9 1 94 99>
     <"on" 19 3 9 1 88 136>
     <"charge" 19 300 9 1 142 147>
     <"on" 19 4 9 1 136 184>
     <"charge" 19 400 9 1 190 195>
     <"on" 19 5 9 1 184 232>
     <"charge" 19 500 9 1 238 243>
     <"on" 19 6 9 1 232 280>
     <"charge" 19 600 9 1 286 291>
     <"on" 19 7 9 1 280 328>
     <"charge" 19 700 9 1 334 339>
     <"on" 19 8 9 1 328 376>
     <"charge" 19 800 9 1 382 387>
     <"on" 19 9 9 1 376 424>
     <"charge" 19 900 9 1 430 435>
     <"on" 19 10 9 1 424 472>
     <"charge" 19 1000 9 1 478 483>
     <"on" 19 11 9 1 472 520>
     <"charge" 19 1100 9 1 526 531>
     <"on" 19 12 9 1 520 568>
     <"charge" 19 1200 9 1 574 579>
     <"on" 19 13 9 1 568 616>
     <"charge" 19 1300 9 1 622 627>
     <"on" 19 14 9 1 616 664>
     <"charge" 19 1400 9 1 670 675>
     <"on" 19 15 9 1 664 712>
     <"charge" 19 1500 9 1 718 723>
     <"on" 19 16 9 1 712 760>
     <"charge" 19 1600 9 1 766 771>
     <"on" 19 17 9 1 760 808>
     <"charge" 19 1700 9 1 814 819>
     <"on" 19 18 9 1 808 856>
     <"charge" 19 1800 9 1 862 867>
     <"on" 19 19 9 1 856 904>
     <"charge" 19 1900 9 1 910 915>
     <"on" 19 20 9 1 904 952>
     <"charge" 19 2000 9 1 958 963>
     <"on" 19 21 9 1 952 1000>
     <"charge" 19 2100 9 1 1006 1011>
     <"on" 19 22 9 1 1000 1048>
     <"charge" 19 2200 9 1 1054 1059>
     <"on" 19 23 9 1 1048 1096>
     <"charge" 19 2300 9 1 1102 1107>
     <"on" 19 24 9 1 1096 1144>
     <"charge" 19 2400 9 1 1150 1155>
     <"on" 19 25 9 1 1144 1192>
     <"charge" 19 2500 9 1 1198 1203>
     <"on" 19 26 9 1 1192 1240>
     <"charge" 19 2600 9 1 1246 1251>
     <"on" 19 27 9 1 1240 1288>
     <"charge" 19 2700 9 1 1294 1299>
     <"on" 19 28 9 1 1288 1336>
     <"charge" 19 2800 9 1 1342 1347>
     <"on" 19 29 9 1 1336 1384>
     <"charge" 19 2900 9 1 1390 1395>
     <"on" 19 30 9 1 1384 1432>
     <"charge" 19 3000 9 1 1438 1440>
     <"on" 19 31 9 1 1432 1440>
     <"on" 20 1 1 1 0 42>
     <"charge" 20 100 1 1 48 53>
     <"on" 20 2 1 1 42 90>
     <"charge" 20 200 1 1 96 101>
     <"on" 20 3 1 1 90 138>
     <"charge" 20 300 1 1 144 149>
     <"on" 20 4 1 1 138 186>
     <"charge" 20 400 1 1 192 197>
     <"on" 20 5 1 1 186 234>
     <"charge" 20 500 1 1 240 245>
     <"on" 20 6 1 1 234 282>
     <"charge" 20 600 1 1 288 293>
     <"on" 20 7 1 1 282 330>
     <"charge" 20 700 1 1 336 341>
     <"on" 20 8 1 1 330 378>
     <"charge" 20 800 1 1 384 389>
     <"on" 20 9 1 1 378 426>
     <"charge" 20 900 1 1 432 437>
     <"on" 20 10 1 1 426 474>
     <"charge" 20 1000 1 1 480 485>
     <"on" 20 11 1 1 474 522>
     <"charge" 20 1100 1 1 528 533>
     <"on" 20 12 1 1 522 570>
     <"charge" 20 1200 1 1 576 581>
     <"on" 20 13 1 1 570 618>
     <"charge" 20 1300 1 1 624 629>
     <"on" 20 14 1 1 618 666>
     <"charge" 20 1400 1 1 672 677>
     <"on" 20 15 1 1 666 714>
     <"charge" 20 1500 1 1 720 725>
     <"on" 20 16 1 1 714 762>
     <"charge" 20 1600 1 1 768 773>
     <"on" 20 17 1 1 762 810>
     <"charge" 20 1700 1 1 816 821>
     <"on" 20 18 1 1 810 858>
     <"charge" 20 1800 1 1 864 869>
     <"on" 20 19 1 1 858 906>
     <"charge" 20 1900 1 1 912 917>
     <"on" 20 20 1 1 906 954>
     <"charge" 20 2000 1 1 960 965>
     <"on" 20 21 1 1 954 1002>
     <"charge" 20 2100 1 1 1008 1013>
     <"on" 20 22 1 1 1002 1050>
     <"charge" 20 2200 1 1 1056 1061>
     <"on" 20 23 1 1 1050 1098>
     <"charge" 20 2300 1 1 1104 1109>
     <"on" 20 24 1 1 1098 1146>
     <"charge" 20 2400 1 1 1152 1157>
     <"on" 20 25 1 1 1146 1194>
     <"charge" 20 2500 1 1 1200 1205>
     <"on" 20 26 1 1 1194 1242>
     <"charge" 20 2600 1 1 1248 1253>
     <"on" 20 27 1 1 1242 1290>
     <"charge" 20 2700 1 1 1296 1301>
     <"on" 20 28 1 1 1290 1338>
     <"charge" 20 2800 1 1 1344 1349>
     <"on" 20 29 1 1 1338 1386>
     <"charge" 20 2900 1 1 1392 1397>
     <"on" 20 30 1 1 1386 1434>
     <"on" 21 1 6 5 0 47>
     <"charge" 21 100 6 5 48 53>
     <"on" 21 2 6 5 47 105>
     <"charge" 21 200 6 5 106 111>
     <"on" 21 3 6 5 105 163>
     <"charge" 21 300 6 5 164 169>
     <"on" 21 4 6 5 163 221>
     <"charge" 21 400 6 5 222 227>
     <"on" 21 5 6 5 221 279>
     <"charge" 21 500 6 5 280 285>
     <"on" 21 6 6 5 279 337>
     <"charge" 21 600 6 5 338 343>
     <"on" 21 7 6 5 337 395>
     <"charge" 21 700 6 5 396 401>
     <"on" 21 8 6 5 395 453>
     <"charge" 21 800 6 5 454 459>
     <"on" 21 9 6 5 453 511>
     <"charge" 21 900 6 5 512 517>
     <"on" 21 10 6 5 511 569>
     <"charge" 21 1000 6 5 570 575>
     <"on" 21 11 6 5 569 627>
     <"charge" 21 1100 6 5 628 633>
     <"on" 21 12 6 5 627 685>
     <"charge" 21 1200 6 5 686 691>
     <"on" 21 13 6 5 685 743>
     <"charge" 21 1300 6 5 744 749>
     <"on" 21 14 6 5 743 801>
     <"charge" 21 1400 6 5 802 807>
     <"on" 21 15 6 5 801 859>
     <"charge" 21 1500 6 5 860 865>
     <"on" 21 16 6 5 859 917>
     <"charge" 21 1600 6 5 918 923>
     <"on" 21 17 6 5 917 975>
     <"charge" 21 1700 6 5 976 981>
     <"on" 21 18 6 5 975 1033>
     <"charge" 21 1800 6 5 1034 1039>
     <"on" 21 19 6 5 1033 1091>
     <"charge" 21 1900 6 5 1092 1097>
     <"on" 21 20 6 5 1091 1149>
     <"charge" 21 2000 6 5 1150 1155>
     <"on" 21 21 6 5 1149 1207>
     <"charge" 21 2100 6 5 1208 1213>
     <"on" 21 22 6 5 1207 1265>
     <"charge" 21 2200 6 5 1266 1271>
     <"on" 21 23 6 5 1265 1323>
     <"charge" 21 2300 6 5 1324 1329>
     <"on" 21 24 6 5 1323 1381>
     <"charge" 21 2400 6 5 1382 1387>
     <"on" 21 25 6 5 1381 1439>
     <"on" 22 1 2 9 0 42>
     <"charge" 22 100 2 9 47 52>
     <"on" 22 2 2 9 42 92>
     <"charge" 22 200 2 9 97 102>
     <"on" 22 3 2 9 92 142>
     <"charge" 22 300 2 9 147 152>
     <"on" 22 4 2 9 142 192>
     <"charge" 22 400 2 9 197 202>
     <"on" 22 5 2 9 192 242>
     <"charge" 22 500 2 9 247 252>
     <"on" 22 6 2 9 242 292>
     <"charge" 22 600 2 9 297 302>
     <"on" 22 7 2 9 292 342>
     <"charge" 22 700 2 9 347 352>
     <"on" 22 8 2 9 342 392>
     <"charge" 22 800 2 9 397 402>
     <"on" 22 9 2 9 392 442>
     <"charge" 22 900 2 9 447 452>
     <"on" 22 10 2 9 442 492>
     <"charge" 22 1000 2 9 497 502>
     <"on" 22 11 2 9 492 542>
     <"charge" 22 1100 2 9 547 552>
     <"on" 22 12 2 9 542 592>
     <"charge" 22 1200 2 9 597 602>
     <"on" 22 13 2 9 592 642>
     <"charge" 22 1300 2 9 647 652>
     <"on" 22 14 2 9 642 692>
     <"charge" 22 1400 2 9 697 702>
     <"on" 22 15 2 9 692 742>
     <"charge" 22 1500 2 9 747 752>
     <"on" 22 16 2 9 742 792>
     <"charge" 22 1600 2 9 797 802>
     <"on" 22 17 2 9 792 842>
     <"charge" 22 1700 2 9 847 852>
     <"on" 22 18 2 9 842 892>
     <"charge" 22 1800 2 9 897 902>
     <"on" 22 19 2 9 892 942>
     <"charge" 22 1900 2 9 947 952>
     <"on" 22 20 2 9 942 992>
     <"charge" 22 2000 2 9 997 1002>
     <"on" 22 21 2 9 992 1042>
     <"charge" 22 2100 2 9 1047 1052>
     <"on" 22 22 2 9 1042 1092>
     <"charge" 22 2200 2 9 1097 1102>
     <"on" 22 23 2 9 1092 1142>
     <"charge" 22 2300 2 9 1147 1152>
     <"on" 22 24 2 9 1142 1192>
     <"charge" 22 2400 2 9 1197 1202>
     <"on" 22 25 2 9 1192 1242>
     <"charge" 22 2500 2 9 1247 1252>
     <"on" 22 26 2 9 1242 1292>
     <"charge" 22 2600 2 9 1297 1302>
     <"on" 22 27 2 9 1292 1342>
     <"charge" 22 2700 2 9 1347 1352>
     <"on" 22 28 2 9 1342 1392>
     <"charge" 22 2800 2 9 1397 1402>
     <"on" 22 29 2 9 1392 1440>
     <"on" 23 1 8 4 0 17>
     <"charge" 23 100 8 4 20 25>
     <"on" 23 2 8 4 17 71>
     <"charge" 23 200 8 4 74 79>
     <"on" 23 3 8 4 71 125>
     <"charge" 23 300 8 4 128 133>
     <"on" 23 4 8 4 125 179>
     <"charge" 23 400 8 4 182 187>
     <"on" 23 5 8 4 179 233>
     <"charge" 23 500 8 4 236 241>
     <"on" 23 6 8 4 233 287>
     <"charge" 23 600 8 4 290 295>
     <"on" 23 7 8 4 287 341>
     <"charge" 23 700 8 4 344 349>
     <"on" 23 8 8 4 341 395>
     <"charge" 23 800 8 4 398 403>
     <"on" 23 9 8 4 395 449>
     <"charge" 23 900 8 4 452 457>
     <"on" 23 10 8 4 449 503>
     <"charge" 23 1000 8 4 506 511>
     <"on" 23 11 8 4 503 557>
     <"charge" 23 1100 8 4 560 565>
     <"on" 23 12 8 4 557 611>
     <"charge" 23 1200 8 4 614 619>
     <"on" 23 13 8 4 611 665>
     <"charge" 23 1300 8 4 668 673>
     <"on" 23 14 8 4 665 719>
     <"charge" 23 1400 8 4 722 727>
     <"on" 23 15 8 4 719 773>
     <"charge" 23 1500 8 4 776 781>
     <"on" 23 16 8 4 773 827>
     <"charge" 23 1600 8 4 830 835>
     <"on" 23 17 8 4 827 881>
     <"charge" 23 1700 8 4 884 889>
     <"on" 23 18 8 4 881 935>
     <"charge" 23 1800 8 4 938 943>
     <"on" 23 19 8 4 935 989>
     <"charge" 23 1900 8 4 992 997>
     <"on" 23 20 8 4 989 1043>
     <"charge" 23 2000 8 4 1046 1051>
     <"on" 23 21 8 4 1043 1097>
     <"charge" 23 2100 8 4 1100 1105>
     <"on" 23 22 8 4 1097 1151>
     <"charge" 23 2200 8 4 1154 1159>
     <"on" 23 23 8 4 1151 1205>
     <"charge" 23 2300 8 4 1208 1213>
     <"on" 23 24 8 4 1205 1259>
     <"charge" 23 2400 8 4 1262 1267>
     <"on" 23 25 8 4 1259 1313>
     <"charge" 23 2500 8 4 1316 1321>
     <"on" 23 26 8 4 1313 1367>
     <"charge" 23 2600 8 4 1370 1375>
     <"on" 23 27 8 4 1367 1421>
     <"charge" 23 2700 8 4 1424 1429>
     <"on" 23 28 8 4 1421 1440>
     <"on" 24 1 7 2 0 27>
     <"charge" 24 100 7 2 31 36>
     <"on" 24 2 7 2 27 79>
     <"charge" 24 200 7 2 83 88>
     <"on" 24 3 7 2 79 131>
     <"charge" 24 300 7 2 135 140>
     <"on" 24 4 7 2 131 183>
     <"charge" 24 400 7 2 187 192>
     <"on" 24 5 7 2 183 235>
     <"charge" 24 500 7 2 239 244>
     <"on" 24 6 7 2 235 287>
     <"charge" 24 600 7 2 291 296>
     <"on" 24 7 7 2 287 339>
     <"charge" 24 700 7 2 343 348>
     <"on" 24 8 7 2 339 391>
     <"charge" 24 800 7 2 395 400>
     <"on" 24 9 7 2 391 443>
     <"charge" 24 900 7 2 447 452>
     <"on" 24 10 7 2 443 495>
     <"charge" 24 1000 7 2 499 504>
     <"on" 24 11 7 2 495 547>
     <"charge" 24 1100 7 2 551 556>
     <"on" 24 12 7 2 547 599>
     <"charge" 24 1200 7 2 603 608>
     <"on" 24 13 7 2 599 651>
     <"charge" 24 1300 7 2 655 660>
     <"on" 24 14 7 2 651 703>
     <"charge" 24 1400 7 2 707 712>
     <"on" 24 15 7 2 703 755>
     <"charge" 24 1500 7 2 759 764>
     <"on" 24 16 7 2 755 807>
     <"charge" 24 1600 7 2 811 816>
     <"on" 24 17 7 2 807 859>
     <"charge" 24 1700 7 2 863 868>
     <"on" 24 18 7 2 859 911>
     <"charge" 24 1800 7 2 915 920>
     <"on" 24 19 7 2 911 963>
     <"charge" 24 1900 7 2 967 972>
     <"on" 24 20 7 2 963 1015>
     <"charge" 24 2000 7 2 1019 1024>
     <"on" 24 21 7 2 1015 1067>
     <"charge" 24 2100 7 2 1071 1076>
     <"on" 24 22 7 2 1067 1119>
     <"charge" 24 2200 7 2 1123 1128>
     <"on" 24 23 7 2 1119 1171>
     <"charge" 24 2300 7 2 1175 1180>
     <"on" 24 24 7 2 1171 1223>
     <"charge" 24 2400 7 2 1227 1232>
     <"on" 24 25 7 2 1223 1275>
     <"charge" 24 2500 7 2 1279 1284>
     <"on" 24 26 7 2 1275 1327>
     <"charge" 24 2600 7 2 1331 1336>
     <"on" 24 27 7 2 1327 1379>
     <"charge" 24 2700 7 2 1383 1388>
     <"on" 24 28 7 2 1379 1431>
     <"charge" 24 2800 7 2 1435 1440>
     <"on" 24 29 7 2 1431 1440>
     <"on" 25 1 1 7 0 37>
     <"charge" 25 100 1 7 41 46>
     <"on" 25 2 1 7 37 89>
     <"charge" 25 200 1 7 93 98>
     <"on" 25 3 1 7 89 141>
     <"charge" 25 300 1 7 145 150>
     <"on" 25 4 1 7 141 193>
     <"charge" 25 400 1 7 197 202>
     <"on" 25 5 1 7 193 245>
     <"charge" 25 500 1 7 249 254>
     <"on" 25 6 1 7 245 297>
     <"charge" 25 600 1 7 301 306>
     <"on" 25 7 1 7 297 349>
     <"charge" 25 700 1 7 353 358>
     <"on" 25 8 1 7 349 401>
     <"charge" 25 800 1 7 405 410>
     <"on" 25 9 1 7 401 453>
     <"charge" 25 900 1 7 457 462>
     <"on" 25 10 1 7 453 505>
     <"charge" 25 1000 1 7 509 514>
     <"on" 25 11 1 7 505 557>
     <"charge" 25 1100 1 7 561 566>
     <"on" 25 12 1 7 557 609>
     <"charge" 25 1200 1 7 613 618>
     <"on" 25 13 1 7 609 661>
     <"charge" 25 1300 1 7 665 670>
     <"on" 25 14 1 7 661 713>
     <"charge" 25 1400 1 7 717 722>
     <"on" 25 15 1 7 713 765>
     <"charge" 25 1500 1 7 769 774>
     <"on" 25 16 1 7 765 817>
     <"charge" 25 1600 1 7 821 826>
     <"on" 25 17 1 7 817 869>
     <"charge" 25 1700 1 7 873 878>
     <"on" 25 18 1 7 869 921>
     <"charge" 25 1800 1 7 925 930>
     <"on" 25 19 1 7 921 973>
     <"charge" 25 1900 1 7 977 982>
     <"on" 25 20 1 7 973 1025>
     <"charge" 25 2000 1 7 1029 1034>
     <"on" 25 21 1 7 1025 1077>
     <"charge" 25 2100 1 7 1081 1086>
     <"on" 25 22 1 7 1077 1129>
     <"charge" 25 2200 1 7 1133 1138>
     <"on" 25 23 1 7 1129 1181>
     <"charge" 25 2300 1 7 1185 1190>
     <"on" 25 24 1 7 1181 1233>
     <"charge" 25 2400 1 7 1237 1242>
     <"on" 25 25 1 7 1233 1285>
     <"charge" 25 2500 1 7 1289 1294>
     <"on" 25 26 1 7 1285 1337>
     <"charge" 25 2600 1 7 1341 1346>
     <"on" 25 27 1 7 1337 1389>
     <"charge" 25 2700 1 7 1393 1398>
     <"on" 25 28 1 7 1389 1440>
     <"on" 26 1 7 6 0 17>
     <"charge" 26 100 7 6 19 24>
     <"on" 26 2 7 6 17 73>
     <"charge" 26 200 7 6 75 80>
     <"on" 26 3 7 6 73 129>
     <"charge" 26 300 7 6 131 136>
     <"on" 26 4 7 6 129 185>
     <"charge" 26 400 7 6 187 192>
     <"on" 26 5 7 6 185 241>
     <"charge" 26 500 7 6 243 248>
     <"on" 26 6 7 6 241 297>
     <"charge" 26 600 7 6 299 304>
     <"on" 26 7 7 6 297 353>
     <"charge" 26 700 7 6 355 360>
     <"on" 26 8 7 6 353 409>
     <"charge" 26 800 7 6 411 416>
     <"on" 26 9 7 6 409 465>
     <"charge" 26 900 7 6 467 472>
     <"on" 26 10 7 6 465 521>
     <"charge" 26 1000 7 6 523 528>
     <"on" 26 11 7 6 521 577>
     <"charge" 26 1100 7 6 579 584>
     <"on" 26 12 7 6 577 633>
     <"charge" 26 1200 7 6 635 640>
     <"on" 26 13 7 6 633 689>
     <"charge" 26 1300 7 6 691 696>
     <"on" 26 14 7 6 689 745>
     <"charge" 26 1400 7 6 747 752>
     <"on" 26 15 7 6 745 801>
     <"charge" 26 1500 7 6 803 808>
     <"on" 26 16 7 6 801 857>
     <"charge" 26 1600 7 6 859 864>
     <"on" 26 17 7 6 857 913>
     <"charge" 26 1700 7 6 915 920>
     <"on" 26 18 7 6 913 969>
     <"charge" 26 1800 7 6 971 976>
     <"on" 26 19 7 6 969 1025>
     <"charge" 26 1900 7 6 1027 1032>
     <"on" 26 20 7 6 1025 1081>
     <"charge" 26 2000 7 6 1083 1088>
     <"on" 26 21 7 6 1081 1137>
     <"charge" 26 2100 7 6 1139 1144>
     <"on" 26 22 7 6 1137 1193>
     <"charge" 26 2200 7 6 1195 1200>
     <"on" 26 23 7 6 1193 1249>
     <"charge" 26 2300 7 6 1251 1256>
     <"on" 26 24 7 6 1249 1305>
     <"charge" 26 2400 7 6 1307 1312>
     <"on" 26 25 7 6 1305 1361>
     <"charge" 26 2500 7 6 1363 1368>
     <"on" 26 26 7 6 1361 1417>
     <"charge" 26 2600 7 6 1419 1424>
     <"on" 26 27 7 6 1417 1440>
     <"on" 27 1 3 0 0 38>
     <"charge" 27 100 3 0 43 48>
     <"on" 27 2 3 0 38 88>
     <"charge" 27 200 3 0 93 98>
     <"on" 27 3 3 0 88 138>
     <"charge" 27 300 3 0 143 148>
     <"on" 27 4 3 0 138 188>
     <"charge" 27 400 3 0 193 198>
     <"on" 27 5 3 0 188 238>
     <"charge" 27 500 3 0 243 248>
     <"on" 27 6 3 0 238 288>
     <"charge" 27 600 3 0 293 298>
     <"on" 27 7 3 0 288 338>
     <"charge" 27 700 3 0 343 348>
     <"on" 27 8 3 0 338 388>
     <"charge" 27 800 3 0 393 398>
     <"on" 27 9 3 0 388 438>
     <"charge" 27 900 3 0 443 448>
     <"on" 27 10 3 0 438 488>
     <"charge" 27 1000 3 0 493 498>
     <"on" 27 11 3 0 488 538>
     <"charge" 27 1100 3 0 543 548>
     <"on" 27 12 3 0 538 588>
     <"charge" 27 1200 3 0 593 598>
     <"on" 27 13 3 0 588 638>
     <"charge" 27 1300 3 0 643 648>
     <"on" 27 14 3 0 638 688>
     <"charge" 27 1400 3 0 693 698>
     <"on" 27 15 3 0 688 738>
     <"charge" 27 1500 3 0 743 748>
     <"on" 27 16 3 0 738 788>
     <"charge" 27 1600 3 0 793 798>
     <"on" 27 17 3 0 788 838>
     <"charge" 27 1700 3 0 843 848>
     <"on" 27 18 3 0 838 888>
     <"charge" 27 1800 3 0 893 898>
     <"on" 27 19 3 0 888 938>
     <"charge" 27 1900 3 0 943 948>
     <"on" 27 20 3 0 938 988>
     <"charge" 27 2000 3 0 993 998>
     <"on" 27 21 3 0 988 1038>
     <"charge" 27 2100 3 0 1043 1048>
     <"on" 27 22 3 0 1038 1088>
     <"charge" 27 2200 3 0 1093 1098>
     <"on" 27 23 3 0 1088 1138>
     <"charge" 27 2300 3 0 1143 1148>
     <"on" 27 24 3 0 1138 1188>
     <"charge" 27 2400 3 0 1193 1198>
     <"on" 27 25 3 0 1188 1238>
     <"charge" 27 2500 3 0 1243 1248>
     <"on" 27 26 3 0 1238 1288>
     <"charge" 27 2600 3 0 1293 1298>
     <"on" 27 27 3 0 1288 1338>
     <"charge" 27 2700 3 0 1343 1348>
     <"on" 27 28 3 0 1338 1388>
     <"charge" 27 2800 3 0 1393 1398>
     <"on" 27 29 3 0 1388 1438>
     <"on" 28 1 9 7 0 26>
     <"charge" 28 100 9 7 30 35>
     <"on" 28 2 9 7 26 78>
     <"charge" 28 200 9 7 82 87>
     <"on" 28 3 9 7 78 130>
     <"charge" 28 300 9 7 134 139>
     <"on" 28 4 9 7 130 182>
     <"charge" 28 400 9 7 186 191>
     <"on" 28 5 9 7 182 234>
     <"charge" 28 500 9 7 238 243>
     <"on" 28 6 9 7 234 286>
     <"charge" 28 600 9 7 290 295>
     <"on" 28 7 9 7 286 338>
     <"charge" 28 700 9 7 342 347>
     <"on" 28 8 9 7 338 390>
     <"charge" 28 800 9 7 394 399>
     <"on" 28 9 9 7 390 442>
     <"charge" 28 900 9 7 446 451>
     <"on" 28 10 9 7 442 494>
     <"charge" 28 1000 9 7 498 503>
     <"on" 28 11 9 7 494 546>
     <"charge" 28 1100 9 7 550 555>
     <"on" 28 12 9 7 546 598>
     <"charge" 28 1200 9 7 602 607>
     <"on" 28 13 9 7 598 650>
     <"charge" 28 1300 9 7 654 659>
     <"on" 28 14 9 7 650 702>
     <"charge" 28 1400 9 7 706 711>
     <"on" 28 15 9 7 702 754>
     <"charge" 28 1500 9 7 758 763>
     <"on" 28 16 9 7 754 806>
     <"charge" 28 1600 9 7 810 815>
     <"on" 28 17 9 7 806 858>
     <"charge" 28 1700 9 7 862 867>
     <"on" 28 18 9 7 858 910>
     <"charge" 28 1800 9 7 914 919>
     <"on" 28 19 9 7 910 962>
     <"charge" 28 1900 9 7 966 971>
     <"on" 28 20 9 7 962 1014>
     <"charge" 28 2000 9 7 1018 1023>
     <"on" 28 21 9 7 1014 1066>
     <"charge" 28 2100 9 7 1070 1075>
     <"on" 28 22 9 7 1066 1118>
     <"charge" 28 2200 9 7 1122 1127>
     <"on" 28 23 9 7 1118 1170>
     <"charge" 28 2300 9 7 1174 1179>
     <"on" 28 24 9 7 1170 1222>
     <"charge" 28 2400 9 7 1226 1231>
     <"on" 28 25 9 7 1222 1274>
     <"charge" 28 2500 9 7 1278 1283>
     <"on" 28 26 9 7 1274 1326>
     <"charge" 28 2600 9 7 1330 1335>
     <"on" 28 27 9 7 1326 1378>
     <"charge" 28 2700 9 7 1382 1387>
     <"on" 28 28 9 7 1378 1430>
     <"charge" 28 2800 9 7 1434 1439>
     <"on" 28 29 9 7 1430 1440>
     <"on" 29 1 8 9 0 36>
     <"charge" 29 100 8 9 41 46>
     <"on" 29 2 8 9 36 86>
     <"charge" 29 200 8 9 91 96>
     <"on" 29 3 8 9 86 136>
     <"charge" 29 300 8 9 141 146>
     <"on" 29 4 8 9 136 186>
     <"charge" 29 400 8 9 191 196>
     <"on" 29 5 8 9 186 236>
     <"charge" 29 500 8 9 241 246>
     <"on" 29 6 8 9 236 286>
     <"charge" 29 600 8 9 291 296>
     <"on" 29 7 8 9 286 336>
     <"charge" 29 700 8 9 341 346>
     <"on" 29 8 8 9 336 386>
     <"charge" 29 800 8 9 391 396>
     <"on" 29 9 8 9 386 436>
     <"charge" 29 900 8 9 441 446>
     <"on" 29 10 8 9 436 486>
     <"charge" 29 1000 8 9 491 496>
     <"on" 29 11 8 9 486 536>
     <"charge" 29 1100 8 9 541 546>
     <"on" 29 12 8 9 536 586>
     <"charge" 29 1200 8 9 591 596>
     <"on" 29 13 8 9 586 636>
     <"charge" 29 1300 8 9 641 646>
     <"on" 29 14 8 9 636 686>
     <"charge" 29 1400 8 9 691 696>
     <"on" 29 15 8 9 686 736>
     <"charge" 29 1500 8 9 741 746>
     <"on" 29 16 8 9 736 786>
     <"charge" 29 1600 8 9 791 796>
     <"on" 29 17 8 9 786 836>
     <"charge" 29 1700 8 9 841 846>
     <"on" 29 18 8 9 836 886>
     <"charge" 29 1800 8 9 891 896>
     <"on" 29 19 8 9 886 936>
     <"charge" 29 1900 8 9 941 946>
     <"on" 29 20 8 9 936 986>
     <"charge" 29 2000 8 9 991 996>
     <"on" 29 21 8 9 986 1036>
     <"charge" 29 2100 8 9 1041 1046>
     <"on" 29 22 8 9 1036 1086>
     <"charge" 29 2200 8 9 1091 1096>
     <"on" 29 23 8 9 1086 1136>
     <"charge" 29 2300 8 9 1141 1146>
     <"on" 29 24 8 9 1136 1186>
     <"charge" 29 2400 8 9 1191 1196>
     <"on" 29 25 8 9 1186 1236>
     <"charge" 29 2500 8 9 1241 1246>
     <"on" 29 26 8 9 1236 1286>
     <"charge" 29 2600 8 9 1291 1296>
     <"on" 29 27 8 9 1286 1336>
     <"charge" 29 2700 8 9 1341 1346>
     <"on" 29 28 8 9 1336 1386>
     <"charge" 29 2800 8 9 1391 1396>
     <"on" 29 29 8 9 1386 1436>
     <"on" 30 1 4 4 0 41>
     <"charge" 30 100 4 4 42 47>
     <"on" 30 2 4 4 41 99>
     <"charge" 30 200 4 4 100 105>
     <"on" 30 3 4 4 99 157>
     <"charge" 30 300 4 4 158 163>
     <"on" 30 4 4 4 157 215>
     <"charge" 30 400 4 4 216 221>
     <"on" 30 5 4 4 215 273>
     <"charge" 30 500 4 4 274 279>
     <"on" 30 6 4 4 273 331>
     <"charge" 30 600 4 4 332 337>
     <"on" 30 7 4 4 331 389>
     <"charge" 30 700 4 4 390 395>
     <"on" 30 8 4 4 389 447>
     <"charge" 30 800 4 4 448 453>
     <"on" 30 9 4 4 447 505>
     <"charge" 30 900 4 4 506 511>
     <"on" 30 10 4 4 505 563>
     <"charge" 30 1000 4 4 564 569>
     <"on" 30 11 4 4 563 621>
     <"charge" 30 1100 4 4 622 627>
     <"on" 30 12 4 4 621 679>
     <"charge" 30 1200 4 4 680 685>
     <"on" 30 13 4 4 679 737>
     <"charge" 30 1300 4 4 738 743>
     <"on" 30 14 4 4 737 795>
     <"charge" 30 1400 4 4 796 801>
     <"on" 30 15 4 4 795 853>
     <"charge" 30 1500 4 4 854 859>
     <"on" 30 16 4 4 853 911>
     <"charge" 30 1600 4 4 912 917>
     <"on" 30 17 4 4 911 969>
     <"charge" 30 1700 4 4 970 975>
     <"on" 30 18 4 4 969 1027>
     <"charge" 30 1800 4 4 1028 1033>
     <"on" 30 19 4 4 1027 1085>
     <"charge" 30 1900 4 4 1086 1091>
     <"on" 30 20 4 4 1085 1143>
     <"charge" 30 2000 4 4 1144 1149>
     <"on" 30 21 4 4 1143 1201>
     <"charge" 30 2100 4 4 1202 1207>
     <"on" 30 22 4 4 1201 1259>
     <"charge" 30 2200 4 4 1260 1265>
     <"on" 30 23 4 4 1259 1317>
     <"charge" 30 2300 4 4 1318 1323>
     <"on" 30 24 4 4 1317 1375>
     <"charge" 30 2400 4 4 1376 1381>
     <"on" 30 25 4 4 1375 1433>
     <"charge" 30 2500 4 4 1434 1439>
     <"on" 30 26 4 4 1433 1440>
     <"on" 31 1 3 9 0 7>
     <"charge" 31 100 3 9 11 16>
     <"on" 31 2 3 9 7 59>
     <"charge" 31 200 3 9 63 68>
     <"on" 31 3 3 9 59 111>
     <"charge" 31 300 3 9 115 120>
     <"on" 31 4 3 9 111 163>
     <"charge" 31 400 3 9 167 172>
     <"on" 31 5 3 9 163 215>
     <"charge" 31 500 3 9 219 224>
     <"on" 31 6 3 9 215 267>
     <"charge" 31 600 3 9 271 276>
     <"on" 31 7 3 9 267 319>
     <"charge" 31 700 3 9 323 328>
     <"on" 31 8 3 9 319 371>
     <"charge" 31 800 3 9 375 380>
     <"on" 31 9 3 9 371 423>
     <"charge" 31 900 3 9 427 432>
     <"on" 31 10 3 9 423 475>
     <"charge" 31 1000 3 9 479 484>
     <"on" 31 11 3 9 475 527>
     <"charge" 31 1100 3 9 531 536>
     <"on" 31 12 3 9 527 579>
     <"charge" 31 1200 3 9 583 588>
     <"on" 31 13 3 9 579 631>
     <"charge" 31 1300 3 9 635 640>
     <"on" 31 14 3 9 631 683>
     <"charge" 31 1400 3 9 687 692>
     <"on" 31 15 3 9 683 735>
     <"charge" 31 1500 3 9 739 744>
     <"on" 31 16 3 9 735 787>
     <"charge" 31 1600 3 9 791 796>
     <"on" 31 17 3 9 787 839>
     <"charge" 31 1700 3 9 843 848>
     <"on" 31 18 3 9 839 891>
     <"charge" 31 1800 3 9 895 900>
     <"on" 31 19 3 9 891 943>
     <"charge" 31 1900 3 9 947 952>
     <"on" 31 20 3 9 943 995>
     <"charge" 31 2000 3 9 999 1004>
     <"on" 31 21 3 9 995 1047>
     <"charge" 31 2100 3 9 1051 1056>
     <"on" 31 22 3 9 1047 1099>
     <"charge" 31 2200 3 9 1103 1108>
     <"on" 31 23 3 9 1099 1151>
     <"charge" 31 2300 3 9 1155 1160>
     <"on" 31 24 3 9 1151 1203>
     <"charge" 31 2400 3 9 1207 1212>
     <"on" 31 25 3 9 1203 1255>
     <"charge" 31 2500 3 9 1259 1264>
     <"on" 31 26 3 9 1255 1307>
     <"charge" 31 2600 3 9 1311 1316>
     <"on" 31 27 3 9 1307 1359>
     <"charge" 31 2700 3 9 1363 1368>
     <"on" 31 28 3 9 1359 1411>
     <"charge" 31 2800 3 9 1415 1420>
     <"on" 31 29 3 9 1411 1440>
     <"on" 32 1 7 2 0 18>
     <"charge" 32 100 7 2 22 27>
     <"on" 32 2 7 2 18 70>
     <"charge" 32 200 7 2 74 79>
     <"on" 32 3 7 2 70 122>
     <"charge" 32 300 7 2 126 131>
     <"on" 32 4 7 2 122 174>
     <"charge" 32 400 7 2 178 183>
     <"on" 32 5 7 2 174 226>
     <"charge" 32 500 7 2 230 235>
     <"on" 32 6 7 2 226 278>
     <"charge" 32 600 7 2 282 287>
     <"on" 32 7 7 2 278 330>
     <"charge" 32 700 7 2 334 339>
     <"on" 32 8 7 2 330 382>
     <"charge" 32 800 7 2 386 391>
     <"on" 32 9 7 2 382 434>
     <"charge" 32 900 7 2 438 443>
     <"on" 32 10 7 2 434 486>
     <"charge" 32 1000 7 2 490 495>
     <"on" 32 11 7 2 486 538>
     <"charge" 32 1100 7 2 542 547>
     <"on" 32 12 7 2 538 590>
     <"charge" 32 1200 7 2 594 599>
     <"on" 32 13 7 2 590 642>
     <"charge" 32 1300 7 2 646 651>
     <"on" 32 14 7 2 642 694>
     <"charge" 32 1400 7 2 698 703>
     <"on" 32 15 7 2 694 746>
     <"charge" 32 1500 7 2 750 755>
     <"on" 32 16 7 2 746 798>
     <"charge" 32 1600 7 2 802 807>
     <"on" 32 17 7 2 798 850>
     <"charge" 32 1700 7 2 854 859>
     <"on" 32 18 7 2 850 902>
     <"charge" 32 1800 7 2 906 911>
     <"on" 32 19 7 2 902 954>
     <"charge" 32 1900 7 2 958 963>
     <"on" 32 20 7 2 954 1006>
     <"charge" 32 2000 7 2 1010 1015>
     <"on" 32 21 7 2 1006 1058>
     <"charge" 32 2100 7 2 1062 1067>
     <"on" 32 22 7 2 1058 1110>
     <"charge" 32 2200 7 2 1114 1119>
     <"on" 32 23 7 2 1110 1162>
     <"charge" 32 2300 7 2 1166 1171>
     <"on" 32 24 7 2 1162 1214>
     <"charge" 32 2400 7 2 1218 1223>
     <"on" 32 25 7 2 1214 1266>
     <"charge" 32 2500 7 2 1270 1275>
     <"on" 32 26 7 2 1266 1318>
     <"charge" 32 2600 7 2 1322 1327>
     <"on" 32 27 7 2 1318 1370>
     <"charge" 32 2700 7 2 1374 1379>
     <"on" 32 28 7 2 1370 1422>
     <"charge" 32 2800 7 2 1426 1431>
     <"on" 32 29 7 2 1422 1440>
     <"on" 33 1 9 9 0 13>
     <"charge" 33 100 9 9 19 24>
     <"on" 33 2 9 9 13 61>
     <"charge" 33 200 9 9 67 72>
     <"on" 33 3 9 9 61 109>
     <"charge" 33 300 9 9 115 120>
     <"on" 33 4 9 9 109 157>
     <"charge" 33 400 9 9 163 168>
     <"on" 33 5 9 9 157 205>
     <"charge" 33 500 9 9 211 216>
     <"on" 33 6 9 9 205 253>
     <"charge" 33 600 9 9 259 264>
     <"on" 33 7 9 9 253 301>
     <"charge" 33 700 9 9 307 312>
     <"on" 33 8 9 9 301 349>
     <"charge" 33 800 9 9 355 360>
     <"on" 33 9 9 9 349 397>
     <"charge" 33 900 9 9 403 408>
     <"on" 33 10 9 9 397 445>
     <"charge" 33 1000 9 9 451 456>
     <"on" 33 11 9 9 445 493>
     <"charge" 33 1100 9 9 499 504>
     <"on" 33 12 9 9 493 541>
     <"charge" 33 1200 9 9 547 552>
     <"on" 33 13 9 9 541 589>
     <"charge" 33 1300 9 9 595 600>
     <"on" 33 14 9 9 589 637>
     <"charge" 33 1400 9 9 643 648>
     <"on" 33 15 9 9 637 685>
     <"charge" 33 1500 9 9 691 696>
     <"on" 33 16 9 9 685 733>
     <"charge" 33 1600 9 9 739 744>
     <"on" 33 17 9 9 733 781>
     <"charge" 33 1700 9 9 787 792>
     <"on" 33 18 9 9 781 829>
     <"charge" 33 1800 9 9 835 840>
     <"on" 33 19 9 9 829 877>
     <"charge" 33 1900 9 9 883 888>
     <"on" 33 20 9 9 877 925>
     <"charge" 33 2000 9 9 931 936>
     <"on" 33 21 9 9 925 973>
     <"charge" 33 2100 9 9 979 984>
     <"on" 33 22 9 9 973 1021>
     <"charge" 33 2200 9 9 1027 1032>
     <"on" 33 23 9 9 1021 1069>
     <"charge" 33 2300 9 9 1075 1080>
     <"on" 33 24 9 9 1069 1117>
     <"charge" 33 2400 9 9 1123 1128>
     <"on" 33 25 9 9 1117 1165>
     <"charge" 33 2500 9 9 1171 1176>
     <"on" 33 26 9 9 1165 1213>
     <"charge" 33 2600 9 9 1219 1224>
     <"on" 33 27 9 9 1213 1261>
     <"charge" 33 2700 9 9 1267 1272>
     <"on" 33 28 9 9 1261 1309>
     <"charge" 33 2800 9 9 1315 1320>
     <"on" 33 29 9 9 1309 1357>
     <"charge" 33 2900 9 9 1363 1368>
     <"on" 33 30 9 9 1357 1405>
     <"charge" 33 3000 9 9 1411 1416>
     <"on" 33 31 9 9 1405 1440>
     <"on" 34 1 5 8 0 42>
     <"charge" 34 100 5 8 45 50>
     <"on" 34 2 5 8 42 96>
     <"charge" 34 200 5 8 99 104>
     <"on" 34 3 5 8 96 150>
     <"charge" 34 300 5 8 153 158>
     <"on" 34 4 5 8 150 204>
     <"charge" 34 400 5 8 207 212>
     <"on" 34 5 5 8 204 258>
     <"charge" 34 500 5 8 261 266>
     <"on" 34 6 5 8 258 312>
     <"charge" 34 600 5 8 315 320>
     <"on" 34 7 5 8 312 366>
     <"charge" 34 700 5 8 369 374>
     <"on" 34 8 5 8 366 420>
     <"charge" 34 800 5 8 423 428>
     <"on" 34 9 5 8 420 474>
     <"charge" 34 900 5 8 477 482>
     <"on" 34 10 5 8 474 528>
     <"charge" 34 1000 5 8 531 536>
     <"on" 34 11 5 8 528 582>
     <"charge" 34 1100 5 8 585 590>
     <"on" 34 12 5 8 582 636>
     <"charge" 34 1200 5 8 639 644>
     <"on" 34 13 5 8 636 690>
     <"charge" 34 1300 5 8 693 698>
     <"on" 34 14 5 8 690 744>
     <"charge" 34 1400 5 8 747 752>
     <"on" 34 15 5 8 744 798>
     <"charge" 34 1500 5 8 801 806>
     <"on" 34 16 5 8 798 852>
     <"charge" 34 1600 5 8 855 860>
     <"on" 34 17 5 8 852 906>
     <"charge" 34 1700 5 8 909 914>
     <"on" 34 18 5 8 906 960>
     <"charge" 34 1800 5 8 963 968>
     <"on" 34 19 5 8 960 1014>
     <"charge" 34 1900 5 8 1017 1022>
     <"on" 34 20 5 8 1014 1068>
     <"charge" 34 2000 5 8 1071 1076>
     <"on" 34 21 5 8 1068 1122>
     <"charge" 34 2100 5 8 1125 1130>
     <"on" 34 22 5 8 1122 1176>
     <"charge" 34 2200 5 8 1179 1184>
     <"on" 34 23 5 8 1176 1230>
     <"charge" 34 2300 5 8 1233 1238>
     <"on" 34 24 5 8 1230 1284>
     <"charge" 34 2400 5 8 1287 1292>
     <"on" 34 25 5 8 1284 1338>
     <"charge" 34 2500 5 8 1341 1346>
     <"on" 34 26 5 8 1338 1392>
     <"charge" 34 2600 5 8 1395 1400>
     <"on" 34 27 5 8 1392 1440>
     <"on" 35 1 0 9 0 31>
     <"charge" 35 100 0 9 37 42>
     <"on" 35 2 0 9 31 79>
     <"charge" 35 200 0 9 85 90>
     <"on" 35 3 0 9 79 127>
     <"charge" 35 300 0 9 133 138>
     <"on" 35 4 0 9 127 175>
     <"charge" 35 400 0 9 181 186>
     <"on" 35 5 0 9 175 223>
     <"charge" 35 500 0 9 229 234>
     <"on" 35 6 0 9 223 271>
     <"charge" 35 600 0 9 277 282>
     <"on" 35 7 0 9 271 319>
     <"charge" 35 700 0 9 325 330>
     <"on" 35 8 0 9 319 367>
     <"charge" 35 800 0 9 373 378>
     <"on" 35 9 0 9 367 415>
     <"charge" 35 900 0 9 421 426>
     <"on" 35 10 0 9 415 463>
     <"charge" 35 1000 0 9 469 474>
     <"on" 35 11 0 9 463 511>
     <"charge" 35 1100 0 9 517 522>
     <"on" 35 12 0 9 511 559>
     <"charge" 35 1200 0 9 565 570>
     <"on" 35 13 0 9 559 607>
     <"charge" 35 1300 0 9 613 618>
     <"on" 35 14 0 9 607 655>
     <"charge" 35 1400 0 9 661 666>
     <"on" 35 15 0 9 655 703>
     <"charge" 35 1500 0 9 709 714>
     <"on" 35 16 0 9 703 751>
     <"charge" 35 1600 0 9 757 762>
     <"on" 35 17 0 9 751 799>
     <"charge" 35 1700 0 9 805 810>
     <"on" 35 18 0 9 799 847>
     <"charge" 35 1800 0 9 853 858>
     <"on" 35 19 0 9 847 895>
     <"charge" 35 1900 0 9 901 906>
     <"on" 35 20 0 9 895 943>
     <"charge" 35 2000 0 9 949 954>
     <"on" 35 21 0 9 943 991>
     <"charge" 35 2100 0 9 997 1002>
     <"on" 35 22 0 9 991 1039>
     <"charge" 35 2200 0 9 1045 1050>
     <"on" 35 23 0 9 1039 1087>
     <"charge" 35 2300 0 9 1093 1098>
     <"on" 35 24 0 9 1087 1135>
     <"charge" 35 2400 0 9 1141 1146>
     <"on" 35 25 0 9 1135 1183>
     <"charge" 35 2500 0 9 1189 1194>
     <"on" 35 26 0 9 1183 1231>
     <"charge" 35 2600 0 9 1237 1242>
     <"on" 35 27 0 9 1231 1279>
     <"charge" 35 2700 0 9 1285 1290>
     <"on" 35 28 0 9 1279 1327>
     <"charge" 35 2800 0 9 1333 1338>
     <"on" 35 29 0 9 1327 1375>
     <"charge" 35 2900 0 9 1381 1386>
     <"on" 35 30 0 9 1375 1423>
     <"charge" 35 3000 0 9 1429 1434>
     <"on" 35 31 0 9 1423 1440>
     <"on" 36 1 6 8 0 33>
     <"charge" 36 100 6 8 36 41>
     <"on" 36 2 6 8 33 87>
     <"charge" 36 200 6 8 90 95>
     <"on" 36 3 6 8 87 141>
     <"charge" 36 300 6 8 144 149>
     <"on" 36 4 6 8 141 195>
     <"charge" 36 400 6 8 198 203>
     <"on" 36 5 6 8 195 249>
     <"charge" 36 500 6 8 252 257>
     <"on" 36 6 6 8 249 303>
     <"charge" 36 600 6 8 306 311>
     <"on" 36 7 6 8 303 357>
     <"charge" 36 700 6 8 360 365>
     <"on" 36 8 6 8 357 411>
     <"charge" 36 800 6 8 414 419>
     <"on" 36 9 6 8 411 465>
     <"charge" 36 900 6 8 468 473>
     <"on" 36 10 6 8 465 519>
     <"charge" 36 1000 6 8 522 527>
     <"on" 36 11 6 8 519 573>
     <"charge" 36 1100 6 8 576 581>
     <"on" 36 12 6 8 573 627>
     <"charge" 36 1200 6 8 630 635>
     <"on" 36 13 6 8 627 681>
     <"charge" 36 1300 6 8 684 689>
     <"on" 36 14 6 8 681 735>
     <"charge" 36 1400 6 8 738 743>
     <"on" 36 15 6 8 735 789>
     <"charge" 36 1500 6 8 792 797>
     <"on" 36 16 6 8 789 843>
     <"charge" 36 1600 6 8 846 851>
     <"on" 36 17 6 8 843 897>
     <"charge" 36 1700 6 8 900 905>
     <"on" 36 18 6 8 897 951>
     <"charge" 36 1800 6 8 954 959>
     <"on" 36 19 6 8 951 1005>
     <"charge" 36 1900 6 8 1008 1013>
     <"on" 36 20 6 8 1005 1059>
     <"charge" 36 2000 6 8 1062 1067>
     <"on" 36 21 6 8 1059 1113>
     <"charge" 36 2100 6 8 1116 1121>
     <"on" 36 22 6 8 1113 1167>
     <"charge" 36 2200 6 8 1170 1175>
     <"on" 36 23 6 8 1167 1221>
     <"charge" 36 2300 6 8 1224 1229>
     <"on" 36 24 6 8 1221 1275>
     <"charge" 36 2400 6 8 1278 1283>
     <"on" 36 25 6 8 1275 1329>
     <"charge" 36 2500 6 8 1332 1337>
     <"on" 36 26 6 8 1329 1383>
     <"charge" 36 2600 6 8 1386 1391>
     <"on" 36 27 6 8 1383 1437>
     <"on" 37 1 3 4 0 48>
     <"charge" 37 100 3 4 50 55>
     <"on" 37 2 3 4 48 104>
     <"charge" 37 200 3 4 106 111>
     <"on" 37 3 3 4 104 160>
     <"charge" 37 300 3 4 162 167>
     <"on" 37 4 3 4 160 216>
     <"charge" 37 400 3 4 218 223>
     <"on" 37 5 3 4 216 272>
     <"charge" 37 500 3 4 274 279>
     <"on" 37 6 3 4 272 328>
     <"charge" 37 600 3 4 330 335>
     <"on" 37 7 3 4 328 384>
     <"charge" 37 700 3 4 386 391>
     <"on" 37 8 3 4 384 440>
     <"charge" 37 800 3 4 442 447>
     <"on" 37 9 3 4 440 496>
     <"charge" 37 900 3 4 498 503>
     <"on" 37 10 3 4 496 552>
     <"charge" 37 1000 3 4 554 559>
     <"on" 37 11 3 4 552 608>
     <"charge" 37 1100 3 4 610 615>
     <"on" 37 12 3 4 608 664>
     <"charge" 37 1200 3 4 666 671>
     <"on" 37 13 3 4 664 720>
     <"charge" 37 1300 3 4 722 727>
     <"on" 37 14 3 4 720 776>
     <"charge" 37 1400 3 4 778 783>
     <"on" 37 15 3 4 776 832>
     <"charge" 37 1500 3 4 834 839>
     <"on" 37 16 3 4 832 888>
     <"charge" 37 1600 3 4 890 895>
     <"on" 37 17 3 4 888 944>
     <"charge" 37 1700 3 4 946 951>
     <"on" 37 18 3 4 944 1000>
     <"charge" 37 1800 3 4 1002 1007>
     <"on" 37 19 3 4 1000 1056>
     <"charge" 37 1900 3 4 1058 1063>
     <"on" 37 20 3 4 1056 1112>
     <"charge" 37 2000 3 4 1114 1119>
     <"on" 37 21 3 4 1112 1168>
     <"charge" 37 2100 3 4 1170 1175>
     <"on" 37 22 3 4 1168 1224>
     <"charge" 37 2200 3 4 1226 1231>
     <"on" 37 23 3 4 1224 1280>
     <"charge" 37 2300 3 4 1282 1287>
     <"on" 37 24 3 4 1280 1336>
     <"charge" 37 2400 3 4 1338 1343>
     <"on" 37 25 3 4 1336 1392>
     <"charge" 37 2500 3 4 1394 1399>
     <"on" 37 26 3 4 1392 1440>
     <"on" 38 1 9 3 0 39>
     <"charge" 38 100 9 3 43 48>
     <"on" 38 2 9 3 39 91>
     <"charge" 38 200 9 3 95 100>
     <"on" 38 3 9 3 91 143>
     <"charge" 38 300 9 3 147 152>
     <"on" 38 4 9 3 143 195>
     <"charge" 38 400 9 3 199 204>
     <"on" 38 5 9 3 195 247>
     <"charge" 38 500 9 3 251 256>
     <"on" 38 6 9 3 247 299>
     <"charge" 38 600 9 3 303 308>
     <"on" 38 7 9 3 299 351>
     <"charge" 38 700 9 3 355 360>
     <"on" 38 8 9 3 351 403>
     <"charge" 38 800 9 3 407 412>
     <"on" 38 9 9 3 403 455>
     <"charge" 38 900 9 3 459 464>
     <"on" 38 10 9 3 455 507>
     <"charge" 38 1000 9 3 511 516>
     <"on" 38 11 9 3 507 559>
     <"charge" 38 1100 9 3 563 568>
     <"on" 38 12 9 3 559 611>
     <"charge" 38 1200 9 3 615 620>
     <"on" 38 13 9 3 611 663>
     <"charge" 38 1300 9 3 667 672>
     <"on" 38 14 9 3 663 715>
     <"charge" 38 1400 9 3 719 724>
     <"on" 38 15 9 3 715 767>
     <"charge" 38 1500 9 3 771 776>
     <"on" 38 16 9 3 767 819>
     <"charge" 38 1600 9 3 823 828>
     <"on" 38 17 9 3 819 871>
     <"charge" 38 1700 9 3 875 880>
     <"on" 38 18 9 3 871 923>
     <"charge" 38 1800 9 3 927 932>
     <"on" 38 19 9 3 923 975>
     <"charge" 38 1900 9 3 979 984>
     <"on" 38 20 9 3 975 1027>
     <"charge" 38 2000 9 3 1031 1036>
     <"on" 38 21 9 3 1027 1079>
     <"charge" 38 2100 9 3 1083 1088>
     <"on" 38 22 9 3 1079 1131>
     <"charge" 38 2200 9 3 1135 1140>
     <"on" 38 23 9 3 1131 1183>
     <"charge" 38 2300 9 3 1187 1192>
     <"on" 38 24 9 3 1183 1235>
     <"charge" 38 2400 9 3 1239 1244>
     <"on" 38 25 9 3 1235 1287>
     <"charge" 38 2500 9 3 1291 1296>
     <"on" 38 26 9 3 1287 1339>
     <"charge" 38 2600 9 3 1343 1348>
     <"on" 38 27 9 3 1339 1391>
     <"charge" 38 2700 9 3 1395 1400>
     <"on" 38 28 9 3 1391 1440>
     <"on" 39 1 8 0 0 32>
     <"charge" 39 100 8 0 38 43>
     <"on" 39 2 8 0 32 80>
     <"charge" 39 200 8 0 86 91>
     <"on" 39 3 8 0 80 128>
     <"charge" 39 300 8 0 134 139>
     <"on" 39 4 8 0 128 176>
     <"charge" 39 400 8 0 182 187>
     <"on" 39 5 8 0 176 224>
     <"charge" 39 500 8 0 230 235>
     <"on" 39 6 8 0 224 272>
     <"charge" 39 600 8 0 278 283>
     <"on" 39 7 8 0 272 320>
     <"charge" 39 700 8 0 326 331>
     <"on" 39 8 8 0 320 368>
     <"charge" 39 800 8 0 374 379>
     <"on" 39 9 8 0 368 416>
     <"charge" 39 900 8 0 422 427>
     <"on" 39 10 8 0 416 464>
     <"charge" 39 1000 8 0 470 475>
     <"on" 39 11 8 0 464 512>
     <"charge" 39 1100 8 0 518 523>
     <"on" 39 12 8 0 512 560>
     <"charge" 39 1200 8 0 566 571>
     <"on" 39 13 8 0 560 608>
     <"charge" 39 1300 8 0 614 619>
     <"on" 39 14 8 0 608 656>
     <"charge" 39 1400 8 0 662 667>
     <"on" 39 15 8 0 656 704>
     <"charge" 39 1500 8 0 710 715>
     <"on" 39 16 8 0 704 752>
     <"charge" 39 1600 8 0 758 763>
     <"on" 39 17 8 0 752 800>
     <"charge" 39 1700 8 0 806 811>
     <"on" 39 18 8 0 800 848>
     <"charge" 39 1800 8 0 854 859>
     <"on" 39 19 8 0 848 896>
     <"charge" 39 1900 8 0 902 907>
     <"on" 39 20 8 0 896 944>
     <"charge" 39 2000 8 0 950 955>
     <"on" 39 21 8 0 944 992>
     <"charge" 39 2100 8 0 998 1003>
     <"on" 39 22 8 0 992 1040>
     <"charge" 39 2200 8 0 1046 1051>
     <"on" 39 23 8 0 1040 1088>
     <"charge" 39 2300 8 0 1094 1099>
     <"on" 39 24 8 0 1088 1136>
     <"charge" 39 2400 8 0 1142 1147>
     <"on" 39 25 8 0 1136 1184>
     <"charge" 39 2500 8 0 1190 1195>
     <"on" 39 26 8 0 1184 1232>
     <"charge" 39 2600 8 0 1238 1243>
     <"on" 39 27 8 0 1232 1280>
     <"charge" 39 2700 8 0 1286 1291>
     <"on" 39 28 8 0 1280 1328>
     <"charge" 39 2800 8 0 1334 1339>
     <"on" 39 29 8 0 1328 1376>
     <"charge" 39 2900 8 0 1382 1387>
     <"on" 39 30 8 0 1376 1424>
     <"charge" 39 3000 8 0 1430 1435>
     <"on" 39 31 8 0 1424 1440>
     <"on" 40 1 6 2 0 21>
     <"charge" 40 100 6 2 24 29>
     <"on" 40 2 6 2 21 75>
     <"charge" 40 200 6 2 78 83>
     <"on" 40 3 6 2 75 129>
     <"charge" 40 300 6 2 132 137>
     <"on" 40 4 6 2 129 183>
     <"charge" 40 400 6 2 186 191>
     <"on" 40 5 6 2 183 237>
     <"charge" 40 500 6 2 240 245>
     <"on" 40 6 6 2 237 291>
     <"charge" 40 600 6 2 294 299>
     <"on" 40 7 6 2 291 345>
     <"charge" 40 700 6 2 348 353>
     <"on" 40 8 6 2 345 399>
     <"charge" 40 800 6 2 402 407>
     <"on" 40 9 6 2 399 453>
     <"charge" 40 900 6 2 456 461>
     <"on" 40 10 6 2 453 507>
     <"charge" 40 1000 6 2 510 515>
     <"on" 40 11 6 2 507 561>
     <"charge" 40 1100 6 2 564 569>
     <"on" 40 12 6 2 561 615>
     <"charge" 40 1200 6 2 618 623>
     <"on" 40 13 6 2 615 669>
     <"charge" 40 1300 6 2 672 677>
     <"on" 40 14 6 2 669 723>
     <"charge" 40 1400 6 2 726 731>
     <"on" 40 15 6 2 723 777>
     <"charge" 40 1500 6 2 780 785>
     <"on" 40 16 6 2 777 831>
     <"charge" 40 1600 6 2 834 839>
     <"on" 40 17 6 2 831 885>
     <"charge" 40 1700 6 2 888 893>
     <"on" 40 18 6 2 885 939>
     <"charge" 40 1800 6 2 942 947>
     <"on" 40 19 6 2 939 993>
     <"charge" 40 1900 6 2 996 1001>
     <"on" 40 20 6 2 993 1047>
     <"charge" 40 2000 6 2 1050 1055>
     <"on" 40 21 6 2 1047 1101>
     <"charge" 40 2100 6 2 1104 1109>
     <"on" 40 22 6 2 1101 1155>
     <"charge" 40 2200 6 2 1158 1163>
     <"on" 40 23 6 2 1155 1209>
     <"charge" 40 2300 6 2 1212 1217>
     <"on" 40 24 6 2 1209 1263>
     <"charge" 40 2400 6 2 1266 1271>
     <"on" 40 25 6 2 1263 1317>
     <"charge" 40 2500 6 2 1320 1325>
     <"on" 40 26 6 2 1317 1371>
     <"charge" 40 2600 6 2 1374 1379>
     <"on" 40 27 6 2 1371 1425>
     <"charge" 40 2700 6 2 1428 1433>
     <"on" 40 28 6 2 1425 1440>};
Travel =  {<0 0 0> <0 1 5> <0 2 3> <0 3 3> <0 4 6> <0 5 1> <0 6 3>
     <0 7 0> <0 8 5> <0 9 4> <0 10 4> <0 11 1> <0 12 4>
     <0 13 4> <0 14 4> <0 15 2> <0 16 2> <0 17 5> <0 18 4>
     <0 19 6> <0 20 6> <0 21 1> <0 22 5> <0 23 3> <0 24 4>
     <0 25 4> <0 26 2> <0 27 5> <0 28 4> <0 29 5> <0 30 1>
     <0 31 4> <0 32 4> <0 33 6> <0 34 3> <0 35 6> <0 36 3>
     <0 37 2> <0 38 4> <0 39 6> <0 40 3> <1 0 5> <1 1 0>
     <1 2 3> <1 3 5> <1 4 7> <1 5 5> <1 6 5> <1 7 5>
     <1 8 3> <1 9 9> <1 10 3> <1 11 4> <1 12 6> <1 13 6>
     <1 14 8> <1 15 7> <1 16 3> <1 17 3> <1 18 1> <1 19 8>
     <1 20 1> <1 21 6> <1 22 7> <1 23 7> <1 24 6> <1 25 5>
     <1 26 7> <1 27 3> <1 28 9> <1 29 10> <1 30 4> <1 31 7>
     <1 32 6> <1 33 11> <1 34 7> <1 35 7> <1 36 8> <1 37 3>
     <1 38 8> <1 39 7> <1 40 5> <2 0 3> <2 1 3> <2 2 0>
     <2 3 2> <2 4 8> <2 5 3> <2 6 2> <2 7 3> <2 8 5>
     <2 9 6> <2 10 1> <2 11 2> <2 12 3> <2 13 3> <2 14 7>
     <2 15 5> <2 16 2> <2 17 2> <2 18 2> <2 19 5> <2 20 3>
     <2 21 4> <2 22 7> <2 23 4> <2 24 3> <2 25 6> <2 26 5>
     <2 27 2> <2 28 7> <2 29 8> <2 30 2> <2 31 7> <2 32 3>
     <2 33 9> <2 34 6> <2 35 8> <2 36 6> <2 37 2> <2 38 5>
     <2 39 4> <2 40 2> <3 0 3> <3 1 5> <3 2 2> <3 3 0>
     <3 4 9> <3 5 2> <3 6 0> <3 7 3> <3 8 7> <3 9 5>
     <3 10 2> <3 11 3> <3 12 1> <3 13 1> <3 14 6> <3 15 4>
     <3 16 4> <3 17 4> <3 18 4> <3 19 3> <3 20 5> <3 21 3>
     <3 22 8> <3 23 3> <3 24 1> <3 25 7> <3 26 4> <3 27 4>
     <3 28 6> <3 29 7> <3 30 3> <3 31 8> <3 32 1> <3 33 8>
     <3 34 6> <3 35 9> <3 36 6> <3 37 4> <3 38 3> <3 39 3>
     <3 40 0> <4 0 6> <4 1 7> <4 2 8> <4 3 9> <4 4 0>
     <4 5 7> <4 6 9> <4 7 6> <4 8 4> <4 9 9> <4 10 9>
     <4 11 6> <4 12 10> <4 13 10> <4 14 6> <4 15 7>
     <4 16 5> <4 17 9> <4 18 6> <4 19 11> <4 20 8> <4 21 6>
     <4 22 1> <4 23 9> <4 24 9> <4 25 2> <4 26 7> <4 27 9>
     <4 28 8> <4 29 7> <4 30 6> <4 31 2> <4 32 9> <4 33 8>
     <4 34 4> <4 35 1> <4 36 5> <4 37 5> <4 38 10> <4 39 11>
     <4 40 9> <5 0 1> <5 1 5> <5 2 3> <5 3 2> <5 4 7>
     <5 5 0> <5 6 2> <5 7 1> <5 8 6> <5 9 4> <5 10 4>
     <5 11 2> <5 12 3> <5 13 3> <5 14 4> <5 15 2> <5 16 3>
     <5 17 5> <5 18 4> <5 19 4> <5 20 6> <5 21 1> <5 22 6>
     <5 23 2> <5 24 2> <5 25 6> <5 26 2> <5 27 5> <5 28 4>
     <5 29 5> <5 30 2> <5 31 6> <5 32 2> <5 33 6> <5 34 4>
     <5 35 8> <5 36 4> <5 37 3> <5 38 3> <5 39 4> <5 40 2>
     <6 0 3> <6 1 5> <6 2 2> <6 3 0> <6 4 9> <6 5 2>
     <6 6 0> <6 7 3> <6 8 7> <6 9 5> <6 10 2> <6 11 3>
     <6 12 1> <6 13 1> <6 14 6> <6 15 4> <6 16 4> <6 17 4>
     <6 18 4> <6 19 3> <6 20 5> <6 21 3> <6 22 8> <6 23 3>
     <6 24 1> <6 25 7> <6 26 4> <6 27 4> <6 28 6> <6 29 7>
     <6 30 3> <6 31 8> <6 32 1> <6 33 8> <6 34 6> <6 35 9>
     <6 36 6> <6 37 4> <6 38 3> <6 39 3> <6 40 0> <7 0 0>
     <7 1 5> <7 2 3> <7 3 3> <7 4 6> <7 5 1> <7 6 3>
     <7 7 0> <7 8 5> <7 9 4> <7 10 4> <7 11 1> <7 12 4>
     <7 13 4> <7 14 4> <7 15 2> <7 16 2> <7 17 5> <7 18 4>
     <7 19 6> <7 20 6> <7 21 1> <7 22 5> <7 23 3> <7 24 4>
     <7 25 4> <7 26 2> <7 27 5> <7 28 4> <7 29 5> <7 30 1>
     <7 31 4> <7 32 4> <7 33 6> <7 34 3> <7 35 6> <7 36 3>
     <7 37 2> <7 38 4> <7 39 6> <7 40 3> <8 0 5> <8 1 3>
     <8 2 5> <8 3 7> <8 4 4> <8 5 6> <8 6 7> <8 7 5>
     <8 8 0> <8 9 9> <8 10 6> <8 11 4> <8 12 8> <8 13 8>
     <8 14 8> <8 15 7> <8 16 3> <8 17 6> <8 18 3> <8 19 10>
     <8 20 4> <8 21 6> <8 22 4> <8 23 8> <8 24 8> <8 25 2>
     <8 26 7> <8 27 6> <8 28 9> <8 29 9> <8 30 4> <8 31 5>
     <8 32 8> <8 33 10> <8 34 6> <8 35 4> <8 36 7> <8 37 3>
     <8 38 9> <8 39 9> <8 40 7> <9 0 4> <9 1 9> <9 2 6>
     <9 3 5> <9 4 9> <9 5 4> <9 6 5> <9 7 4> <9 8 9>
     <9 9 0> <9 10 7> <9 11 5> <9 12 5> <9 13 5> <9 14 3>
     <9 15 2> <9 16 6> <9 17 8> <9 18 8> <9 19 5> <9 20 9>
     <9 21 3> <9 22 8> <9 23 2> <9 24 4> <9 25 8> <9 26 2>
     <9 27 8> <9 28 1> <9 29 3> <9 30 5> <9 31 7> <9 32 4>
     <9 33 3> <9 34 4> <9 35 9> <9 36 4> <9 37 6> <9 38 3>
     <9 39 6> <9 40 5> <10 0 4> <10 1 3> <10 2 1> <10 3 2>
     <10 4 9> <10 5 4> <10 6 2> <10 7 4> <10 8 6> <10 9 7>
     <10 10 0> <10 11 3> <10 12 3> <10 13 3> <10 14 8>
     <10 15 6> <10 16 3> <10 17 1> <10 18 3> <10 19 5>
     <10 20 3> <10 21 4> <10 22 8> <10 23 5> <10 24 3>
     <10 25 7> <10 26 6> <10 27 1> <10 28 8> <10 29 9>
     <10 30 3> <10 31 8> <10 32 3> <10 33 9> <10 34 7>
     <10 35 9> <10 36 7> <10 37 3> <10 38 5> <10 39 4>
     <10 40 2> <11 0 1> <11 1 4> <11 2 2> <11 3 3> <11 4 6>
     <11 5 2> <11 6 3> <11 7 1> <11 8 4> <11 9 5> <11 10 3>
     <11 11 0> <11 12 4> <11 13 4> <11 14 5> <11 15 4>
     <11 16 1> <11 17 4> <11 18 2> <11 19 6> <11 20 4>
     <11 21 2> <11 22 5> <11 23 4> <11 24 4> <11 25 4>
     <11 26 4> <11 27 4> <11 28 6> <11 29 6> <11 30 0>
     <11 31 5> <11 32 4> <11 33 7> <11 34 4> <11 35 6>
     <11 36 4> <11 37 1> <11 38 5> <11 39 6> <11 40 3>
     <12 0 4> <12 1 6> <12 2 3> <12 3 1> <12 4 10> <12 5 3>
     <12 6 1> <12 7 4> <12 8 8> <12 9 5> <12 10 3> <12 11 4>
     <12 12 0> <12 13 0> <12 14 7> <12 15 5> <12 16 5>
     <12 17 4> <12 18 5> <12 19 2> <12 20 6> <12 21 4>
     <12 22 9> <12 23 3> <12 24 1> <12 25 8> <12 26 5>
     <12 27 4> <12 28 6> <12 29 8> <12 30 4> <12 31 9>
     <12 32 1> <12 33 8> <12 34 7> <12 35 11> <12 36 7>
     <12 37 5> <12 38 3> <12 39 1> <12 40 1> <13 0 4>
     <13 1 6> <13 2 3> <13 3 1> <13 4 10> <13 5 3> <13 6 1>
     <13 7 4> <13 8 8> <13 9 5> <13 10 3> <13 11 4>
     <13 12 0> <13 13 0> <13 14 7> <13 15 5> <13 16 5>
     <13 17 4> <13 18 5> <13 19 2> <13 20 6> <13 21 4>
     <13 22 9> <13 23 3> <13 24 1> <13 25 8> <13 26 5>
     <13 27 4> <13 28 6> <13 29 8> <13 30 4> <13 31 9>
     <13 32 1> <13 33 8> <13 34 7> <13 35 11> <13 36 7>
     <13 37 5> <13 38 3> <13 39 1> <13 40 1> <14 0 4>
     <14 1 8> <14 2 7> <14 3 6> <14 4 6> <14 5 4> <14 6 6>
     <14 7 4> <14 8 8> <14 9 3> <14 10 8> <14 11 5>
     <14 12 7> <14 13 7> <14 14 0> <14 15 2> <14 16 6>
     <14 17 9> <14 18 7> <14 19 7> <14 20 9> <14 21 3>
     <14 22 5> <14 23 4> <14 24 6> <14 25 6> <14 26 2>
     <14 27 9> <14 28 2> <14 29 1> <14 30 5> <14 31 4>
     <14 32 6> <14 33 2> <14 34 2> <14 35 7> <14 36 1>
     <14 37 6> <14 38 5> <14 39 8> <14 40 6> <15 0 2>
     <15 1 7> <15 2 5> <15 3 4> <15 4 7> <15 5 2> <15 6 4>
     <15 7 2> <15 8 7> <15 9 2> <15 10 6> <15 11 4>
     <15 12 5> <15 13 5> <15 14 2> <15 15 0> <15 16 4>
     <15 17 7> <15 18 6> <15 19 5> <15 20 8> <15 21 1>
     <15 22 6> <15 23 2> <15 24 4> <15 25 6> <15 26 0>
     <15 27 7> <15 28 2> <15 29 3> <15 30 4> <15 31 5>
     <15 32 4> <15 33 4> <15 34 3> <15 35 8> <15 36 2>
     <15 37 4> <15 38 4> <15 39 6> <15 40 4> <16 0 2>
     <16 1 3> <16 2 2> <16 3 4> <16 4 5> <16 5 3> <16 6 4>
     <16 7 2> <16 8 3> <16 9 6> <16 10 3> <16 11 1>
     <16 12 5> <16 13 5> <16 14 6> <16 15 4> <16 16 0>
     <16 17 4> <16 18 1> <16 19 7> <16 20 4> <16 21 3>
     <16 22 5> <16 23 5> <16 24 4> <16 25 4> <16 26 4>
     <16 27 4> <16 28 7> <16 29 7> <16 30 1> <16 31 5>
     <16 32 4> <16 33 8> <16 34 4> <16 35 6> <16 36 5>
     <16 37 0> <16 38 6> <16 39 6> <16 40 4> <17 0 5>
     <17 1 3> <17 2 2> <17 3 4> <17 4 9> <17 5 5> <17 6 4>
     <17 7 5> <17 8 6> <17 9 8> <17 10 1> <17 11 4>
     <17 12 4> <17 13 4> <17 14 9> <17 15 7> <17 16 4>
     <17 17 0> <17 18 3> <17 19 6> <17 20 2> <17 21 6>
     <17 22 9> <17 23 6> <17 24 4> <17 25 7> <17 26 7>
     <17 27 0> <17 28 9> <17 29 10> <17 30 4> <17 31 9>
     <17 32 4> <17 33 11> <17 34 8> <17 35 9> <17 36 9>
     <17 37 4> <17 38 7> <17 39 5> <17 40 4> <18 0 4>
     <18 1 1> <18 2 2> <18 3 4> <18 4 6> <18 5 4> <18 6 4>
     <18 7 4> <18 8 3> <18 9 8> <18 10 3> <18 11 2>
     <18 12 5> <18 13 5> <18 14 7> <18 15 6> <18 16 1>
     <18 17 3> <18 18 0> <18 19 7> <18 20 2> <18 21 4>
     <18 22 6> <18 23 6> <18 24 5> <18 25 4> <18 26 6>
     <18 27 3> <18 28 8> <18 29 8> <18 30 2> <18 31 6>
     <18 32 5> <18 33 9> <18 34 6> <18 35 6> <18 36 6>
     <18 37 1> <18 38 7> <18 39 7> <18 40 4> <19 0 6>
     <19 1 8> <19 2 5> <19 3 3> <19 4 11> <19 5 4> <19 6 3>
     <19 7 6> <19 8 10> <19 9 5> <19 10 5> <19 11 6>
     <19 12 2> <19 13 2> <19 14 7> <19 15 5> <19 16 7>
     <19 17 6> <19 18 7> <19 19 0> <19 20 8> <19 21 5>
     <19 22 11> <19 23 3> <19 24 2> <19 25 10> <19 26 5>
     <19 27 6> <19 28 6> <19 29 8> <19 30 6> <19 31 10>
     <19 32 2> <19 33 8> <19 34 8> <19 35 12> <19 36 8>
     <19 37 7> <19 38 2> <19 39 1> <19 40 3> <20 0 6>
     <20 1 1> <20 2 3> <20 3 5> <20 4 8> <20 5 6> <20 6 5>
     <20 7 6> <20 8 4> <20 9 9> <20 10 3> <20 11 4>
     <20 12 6> <20 13 6> <20 14 9> <20 15 8> <20 16 4>
     <20 17 2> <20 18 2> <20 19 8> <20 20 0> <20 21 6>
     <20 22 8> <20 23 8> <20 24 6> <20 25 6> <20 26 8>
     <20 27 2> <20 28 10> <20 29 11> <20 30 4> <20 31 8>
     <20 32 6> <20 33 11> <20 34 8> <20 35 8> <20 36 9>
     <20 37 4> <20 38 8> <20 39 7> <20 40 5> <21 0 1>
     <21 1 6> <21 2 4> <21 3 3> <21 4 6> <21 5 1> <21 6 3>
     <21 7 1> <21 8 6> <21 9 3> <21 10 4> <21 11 2>
     <21 12 4> <21 13 4> <21 14 3> <21 15 1> <21 16 3>
     <21 17 6> <21 18 4> <21 19 5> <21 20 6> <21 21 0>
     <21 22 6> <21 23 2> <21 24 3> <21 25 5> <21 26 1>
     <21 27 6> <21 28 4> <21 29 4> <21 30 2> <21 31 5>
     <21 32 3> <21 33 5> <21 34 3> <21 35 7> <21 36 3>
     <21 37 3> <21 38 4> <21 39 5> <21 40 3> <22 0 5>
     <22 1 7> <22 2 7> <22 3 8> <22 4 1> <22 5 6> <22 6 8>
     <22 7 5> <22 8 4> <22 9 8> <22 10 8> <22 11 5>
     <22 12 9> <22 13 9> <22 14 5> <22 15 6> <22 16 5>
     <22 17 9> <22 18 6> <22 19 11> <22 20 8> <22 21 6>
     <22 22 0> <22 23 8> <22 24 9> <22 25 2> <22 26 6>
     <22 27 9> <22 28 7> <22 29 6> <22 30 5> <22 31 1>
     <22 32 9> <22 33 7> <22 34 3> <22 35 2> <22 36 4>
     <22 37 5> <22 38 9> <22 39 11> <22 40 8> <23 0 3>
     <23 1 7> <23 2 4> <23 3 3> <23 4 9> <23 5 2> <23 6 3>
     <23 7 3> <23 8 8> <23 9 2> <23 10 5> <23 11 4>
     <23 12 3> <23 13 3> <23 14 4> <23 15 2> <23 16 5>
     <23 17 6> <23 18 6> <23 19 3> <23 20 8> <23 21 2>
     <23 22 8> <23 23 0> <23 24 2> <23 25 8> <23 26 2>
     <23 27 6> <23 28 3> <23 29 5> <23 30 4> <23 31 7>
     <23 32 2> <23 33 5> <23 34 5> <23 35 9> <23 36 4>
     <23 37 5> <23 38 1> <23 39 4> <23 40 3> <24 0 4>
     <24 1 6> <24 2 3> <24 3 1> <24 4 9> <24 5 2> <24 6 1>
     <24 7 4> <24 8 8> <24 9 4> <24 10 3> <24 11 4>
     <24 12 1> <24 13 1> <24 14 6> <24 15 4> <24 16 4>
     <24 17 4> <24 18 5> <24 19 2> <24 20 6> <24 21 3>
     <24 22 9> <24 23 2> <24 24 0> <24 25 8> <24 26 4>
     <24 27 4> <24 28 5> <24 29 7> <24 30 4> <24 31 8>
     <24 32 0> <24 33 7> <24 34 6> <24 35 10> <24 36 6>
     <24 37 4> <24 38 2> <24 39 2> <24 40 1> <25 0 4>
     <25 1 5> <25 2 6> <25 3 7> <25 4 2> <25 5 6> <25 6 7>
     <25 7 4> <25 8 2> <25 9 8> <25 10 7> <25 11 4>
     <25 12 8> <25 13 8> <25 14 6> <25 15 6> <25 16 4>
     <25 17 7> <25 18 4> <25 19 10> <25 20 6> <25 21 5>
     <25 22 2> <25 23 8> <25 24 8> <25 25 0> <25 26 6>
     <25 27 7> <25 28 8> <25 29 7> <25 30 4> <25 31 3>
     <25 32 8> <25 33 8> <25 34 4> <25 35 2> <25 36 5>
     <25 37 4> <25 38 9> <25 39 10> <25 40 7> <26 0 2>
     <26 1 7> <26 2 5> <26 3 4> <26 4 7> <26 5 2> <26 6 4>
     <26 7 2> <26 8 7> <26 9 2> <26 10 6> <26 11 4>
     <26 12 5> <26 13 5> <26 14 2> <26 15 0> <26 16 4>
     <26 17 7> <26 18 6> <26 19 5> <26 20 8> <26 21 1>
     <26 22 6> <26 23 2> <26 24 4> <26 25 6> <26 26 0>
     <26 27 7> <26 28 2> <26 29 3> <26 30 4> <26 31 5>
     <26 32 4> <26 33 4> <26 34 3> <26 35 8> <26 36 2>
     <26 37 4> <26 38 4> <26 39 6> <26 40 4> <27 0 5>
     <27 1 3> <27 2 2> <27 3 4> <27 4 9> <27 5 5> <27 6 4>
     <27 7 5> <27 8 6> <27 9 8> <27 10 1> <27 11 4>
     <27 12 4> <27 13 4> <27 14 9> <27 15 7> <27 16 4>
     <27 17 0> <27 18 3> <27 19 6> <27 20 2> <27 21 6>
     <27 22 9> <27 23 6> <27 24 4> <27 25 7> <27 26 7>
     <27 27 0> <27 28 9> <27 29 10> <27 30 4> <27 31 9>
     <27 32 4> <27 33 11> <27 34 8> <27 35 9> <27 36 9>
     <27 37 4> <27 38 7> <27 39 5> <27 40 4> <28 0 4>
     <28 1 9> <28 2 7> <28 3 6> <28 4 8> <28 5 4> <28 6 6>
     <28 7 4> <28 8 9> <28 9 1> <28 10 8> <28 11 6>
     <28 12 6> <28 13 6> <28 14 2> <28 15 2> <28 16 7>
     <28 17 9> <28 18 8> <28 19 6> <28 20 10> <28 21 4>
     <28 22 7> <28 23 3> <28 24 5> <28 25 8> <28 26 2>
     <28 27 9> <28 28 0> <28 29 2> <28 30 6> <28 31 6>
     <28 32 5> <28 33 2> <28 34 4> <28 35 9> <28 36 3>
     <28 37 7> <28 38 4> <28 39 7> <28 40 6> <29 0 5>
     <29 1 10> <29 2 8> <29 3 7> <29 4 7> <29 5 5> <29 6 7>
     <29 7 5> <29 8 9> <29 9 3> <29 10 9> <29 11 6>
     <29 12 8> <29 13 8> <29 14 1> <29 15 3> <29 16 7>
     <29 17 10> <29 18 8> <29 19 8> <29 20 11> <29 21 4>
     <29 22 6> <29 23 5> <29 24 7> <29 25 7> <29 26 3>
     <29 27 10> <29 28 2> <29 29 0> <29 30 6> <29 31 5>
     <29 32 7> <29 33 1> <29 34 3> <29 35 8> <29 36 2>
     <29 37 7> <29 38 6> <29 39 9> <29 40 7> <30 0 1>
     <30 1 4> <30 2 2> <30 3 3> <30 4 6> <30 5 2> <30 6 3>
     <30 7 1> <30 8 4> <30 9 5> <30 10 3> <30 11 0>
     <30 12 4> <30 13 4> <30 14 5> <30 15 4> <30 16 1>
     <30 17 4> <30 18 2> <30 19 6> <30 20 4> <30 21 2>
     <30 22 5> <30 23 4> <30 24 4> <30 25 4> <30 26 4>
     <30 27 4> <30 28 6> <30 29 6> <30 30 0> <30 31 5>
     <30 32 4> <30 33 7> <30 34 4> <30 35 6> <30 36 4>
     <30 37 1> <30 38 5> <30 39 6> <30 40 3> <31 0 4>
     <31 1 7> <31 2 7> <31 3 8> <31 4 2> <31 5 6> <31 6 8>
     <31 7 4> <31 8 5> <31 9 7> <31 10 8> <31 11 5>
     <31 12 9> <31 13 9> <31 14 4> <31 15 5> <31 16 5>
     <31 17 9> <31 18 6> <31 19 10> <31 20 8> <31 21 5>
     <31 22 1> <31 23 7> <31 24 8> <31 25 3> <31 26 5>
     <31 27 9> <31 28 6> <31 29 5> <31 30 5> <31 31 0>
     <31 32 8> <31 33 6> <31 34 2> <31 35 3> <31 36 3>
     <31 37 5> <31 38 8> <31 39 10> <31 40 8> <32 0 4>
     <32 1 6> <32 2 3> <32 3 1> <32 4 9> <32 5 2> <32 6 1>
     <32 7 4> <32 8 8> <32 9 4> <32 10 3> <32 11 4>
     <32 12 1> <32 13 1> <32 14 6> <32 15 4> <32 16 4>
     <32 17 4> <32 18 5> <32 19 2> <32 20 6> <32 21 3>
     <32 22 9> <32 23 2> <32 24 0> <32 25 8> <32 26 4>
     <32 27 4> <32 28 5> <32 29 7> <32 30 4> <32 31 8>
     <32 32 0> <32 33 7> <32 34 6> <32 35 10> <32 36 6>
     <32 37 4> <32 38 2> <32 39 2> <32 40 1> <33 0 6>
     <33 1 11> <33 2 9> <33 3 8> <33 4 8> <33 5 6> <33 6 8>
     <33 7 6> <33 8 10> <33 9 3> <33 10 9> <33 11 7>
     <33 12 8> <33 13 8> <33 14 2> <33 15 4> <33 16 8>
     <33 17 11> <33 18 9> <33 19 8> <33 20 11> <33 21 5>
     <33 22 7> <33 23 5> <33 24 7> <33 25 8> <33 26 4>
     <33 27 11> <33 28 2> <33 29 1> <33 30 7> <33 31 6>
     <33 32 7> <33 33 0> <33 34 4> <33 35 9> <33 36 3>
     <33 37 8> <33 38 6> <33 39 9> <33 40 8> <34 0 3>
     <34 1 7> <34 2 6> <34 3 6> <34 4 4> <34 5 4> <34 6 6>
     <34 7 3> <34 8 6> <34 9 4> <34 10 7> <34 11 4>
     <34 12 7> <34 13 7> <34 14 2> <34 15 3> <34 16 4>
     <34 17 8> <34 18 6> <34 19 8> <34 20 8> <34 21 3>
     <34 22 3> <34 23 5> <34 24 6> <34 25 4> <34 26 3>
     <34 27 8> <34 28 4> <34 29 3> <34 30 4> <34 31 2>
     <34 32 6> <34 33 4> <34 34 0> <34 35 5> <34 36 1>
     <34 37 4> <34 38 6> <34 39 9> <34 40 6> <35 0 6>
     <35 1 7> <35 2 8> <35 3 9> <35 4 1> <35 5 8> <35 6 9>
     <35 7 6> <35 8 4> <35 9 9> <35 10 9> <35 11 6>
     <35 12 11> <35 13 11> <35 14 7> <35 15 8> <35 16 6>
     <35 17 9> <35 18 6> <35 19 12> <35 20 8> <35 21 7>
     <35 22 2> <35 23 9> <35 24 10> <35 25 2> <35 26 8>
     <35 27 9> <35 28 9> <35 29 8> <35 30 6> <35 31 3>
     <35 32 10> <35 33 9> <35 34 5> <35 35 0> <35 36 6>
     <35 37 6> <35 38 11> <35 39 12> <35 40 9> <36 0 3>
     <36 1 8> <36 2 6> <36 3 6> <36 4 5> <36 5 4> <36 6 6>
     <36 7 3> <36 8 7> <36 9 4> <36 10 7> <36 11 4>
     <36 12 7> <36 13 7> <36 14 1> <36 15 2> <36 16 5>
     <36 17 9> <36 18 6> <36 19 8> <36 20 9> <36 21 3>
     <36 22 4> <36 23 4> <36 24 6> <36 25 5> <36 26 2>
     <36 27 9> <36 28 3> <36 29 2> <36 30 4> <36 31 3>
     <36 32 6> <36 33 3> <36 34 1> <36 35 6> <36 36 0>
     <36 37 5> <36 38 6> <36 39 8> <36 40 6> <37 0 2>
     <37 1 3> <37 2 2> <37 3 4> <37 4 5> <37 5 3> <37 6 4>
     <37 7 2> <37 8 3> <37 9 6> <37 10 3> <37 11 1>
     <37 12 5> <37 13 5> <37 14 6> <37 15 4> <37 16 0>
     <37 17 4> <37 18 1> <37 19 7> <37 20 4> <37 21 3>
     <37 22 5> <37 23 5> <37 24 4> <37 25 4> <37 26 4>
     <37 27 4> <37 28 7> <37 29 7> <37 30 1> <37 31 5>
     <37 32 4> <37 33 8> <37 34 4> <37 35 6> <37 36 5>
     <37 37 0> <37 38 6> <37 39 6> <37 40 4> <38 0 4>
     <38 1 8> <38 2 5> <38 3 3> <38 4 10> <38 5 3> <38 6 3>
     <38 7 4> <38 8 9> <38 9 3> <38 10 5> <38 11 5>
     <38 12 3> <38 13 3> <38 14 5> <38 15 4> <38 16 6>
     <38 17 7> <38 18 7> <38 19 2> <38 20 8> <38 21 4>
     <38 22 9> <38 23 1> <38 24 2> <38 25 9> <38 26 4>
     <38 27 7> <38 28 4> <38 29 6> <38 30 5> <38 31 8>
     <38 32 2> <38 33 6> <38 34 6> <38 35 11> <38 36 6>
     <38 37 6> <38 38 0> <38 39 3> <38 40 3> <39 0 6>
     <39 1 7> <39 2 4> <39 3 3> <39 4 11> <39 5 4> <39 6 3>
     <39 7 6> <39 8 9> <39 9 6> <39 10 4> <39 11 6>
     <39 12 1> <39 13 1> <39 14 8> <39 15 6> <39 16 6>
     <39 17 5> <39 18 7> <39 19 1> <39 20 7> <39 21 5>
     <39 22 11> <39 23 4> <39 24 2> <39 25 10> <39 26 6>
     <39 27 5> <39 28 7> <39 29 9> <39 30 6> <39 31 10>
     <39 32 2> <39 33 9> <39 34 9> <39 35 12> <39 36 8>
     <39 37 6> <39 38 3> <39 39 0> <39 40 3> <40 0 3>
     <40 1 5> <40 2 2> <40 3 0> <40 4 9> <40 5 2> <40 6 0>
     <40 7 3> <40 8 7> <40 9 5> <40 10 2> <40 11 3>
     <40 12 1> <40 13 1> <40 14 6> <40 15 4> <40 16 4>
     <40 17 4> <40 18 4> <40 19 3> <40 20 5> <40 21 3>
     <40 22 8> <40 23 3> <40 24 1> <40 25 7> <40 26 4>
     <40 27 4> <40 28 6> <40 29 7> <40 30 3> <40 31 8>
     <40 32 1> <40 33 8> <40 34 6> <40 35 9> <40 36 6>
     <40 37 4> <40 38 3> <40 39 3> <40 40 0>};
Nodes =  {<0 5 5> <1 1 2> <2 4 2> <3 6 2> <4 1 9> <5 6 4> <6 6 2>
     <7 5 5> <8 0 5> <9 9 6> <10 4 1> <11 4 4> <12 7 1>
     <13 7 1> <14 7 8> <15 7 6> <16 3 4> <17 3 0> <18 2 3>
     <19 9 1> <20 1 1> <21 6 5> <22 2 9> <23 8 4> <24 7 2>
     <25 1 7> <26 7 6> <27 3 0> <28 9 7> <29 8 9> <30 4 4>
     <31 3 9> <32 7 2> <33 9 9> <34 5 8> <35 0 9> <36 6 8>
     <37 3 4> <38 9 3> <39 8 0> <40 6 2>};
