nLocation = 40;
AreaWidth = 10;
Horizen = 1440;
MaxAirTime = 90;
ChargingTime = 5;
VehicleLocation =  [1 2 3 4 5 6 7 8 9 10 11 12 13 14 15 16 17 18 19 20 21 22 23 24 25 26 27 28
     29 30 31 32 33 34 35 36 37 38 39 40 0 0 0 0 0 0 0 0 0 0 0 0 0 0 0 0 0
     0 0 0 0 0 0 0 0 0 0 0 0 0 0 0 0 0 0 0 0 0 0 0];
InitialMissionCompleteTime =  [82 27 42 61 39 73 39 11 20 17 18 32 57 19 31 61 62 23 70 45 19 69 36 16 42
     56 65 41 77 46 17 62 75 82 35 33 17 18 21 70];
Tasks =  {<"on" 1 1 6 7 0 82>
     <"charge" 1 100 6 7 84 89>
     <"on" 1 2 6 7 82 168>
     <"charge" 1 200 6 7 170 175>
     <"on" 1 3 6 7 168 254>
     <"charge" 1 300 6 7 256 261>
     <"on" 1 4 6 7 254 340>
     <"charge" 1 400 6 7 342 347>
     <"on" 1 5 6 7 340 426>
     <"charge" 1 500 6 7 428 433>
     <"on" 1 6 6 7 426 512>
     <"charge" 1 600 6 7 514 519>
     <"on" 1 7 6 7 512 598>
     <"charge" 1 700 6 7 600 605>
     <"on" 1 8 6 7 598 684>
     <"charge" 1 800 6 7 686 691>
     <"on" 1 9 6 7 684 770>
     <"charge" 1 900 6 7 772 777>
     <"on" 1 10 6 7 770 856>
     <"charge" 1 1000 6 7 858 863>
     <"on" 1 11 6 7 856 942>
     <"charge" 1 1100 6 7 944 949>
     <"on" 1 12 6 7 942 1028>
     <"charge" 1 1200 6 7 1030 1035>
     <"on" 1 13 6 7 1028 1114>
     <"charge" 1 1300 6 7 1116 1121>
     <"on" 1 14 6 7 1114 1200>
     <"charge" 1 1400 6 7 1202 1207>
     <"on" 1 15 6 7 1200 1286>
     <"charge" 1 1500 6 7 1288 1293>
     <"on" 1 16 6 7 1286 1372>
     <"charge" 1 1600 6 7 1374 1379>
     <"on" 1 17 6 7 1372 1440>
     <"on" 2 1 1 0 0 27>
     <"charge" 2 100 1 0 33 38>
     <"on" 2 2 1 0 27 105>
     <"charge" 2 200 1 0 111 116>
     <"on" 2 3 1 0 105 183>
     <"charge" 2 300 1 0 189 194>
     <"on" 2 4 1 0 183 261>
     <"charge" 2 400 1 0 267 272>
     <"on" 2 5 1 0 261 339>
     <"charge" 2 500 1 0 345 350>
     <"on" 2 6 1 0 339 417>
     <"charge" 2 600 1 0 423 428>
     <"on" 2 7 1 0 417 495>
     <"charge" 2 700 1 0 501 506>
     <"on" 2 8 1 0 495 573>
     <"charge" 2 800 1 0 579 584>
     <"on" 2 9 1 0 573 651>
     <"charge" 2 900 1 0 657 662>
     <"on" 2 10 1 0 651 729>
     <"charge" 2 1000 1 0 735 740>
     <"on" 2 11 1 0 729 807>
     <"charge" 2 1100 1 0 813 818>
     <"on" 2 12 1 0 807 885>
     <"charge" 2 1200 1 0 891 896>
     <"on" 2 13 1 0 885 963>
     <"charge" 2 1300 1 0 969 974>
     <"on" 2 14 1 0 963 1041>
     <"charge" 2 1400 1 0 1047 1052>
     <"on" 2 15 1 0 1041 1119>
     <"charge" 2 1500 1 0 1125 1130>
     <"on" 2 16 1 0 1119 1197>
     <"charge" 2 1600 1 0 1203 1208>
     <"on" 2 17 1 0 1197 1275>
     <"charge" 2 1700 1 0 1281 1286>
     <"on" 2 18 1 0 1275 1353>
     <"charge" 2 1800 1 0 1359 1364>
     <"on" 2 19 1 0 1353 1431>
     <"charge" 2 1900 1 0 1437 1440>
     <"on" 2 20 1 0 1431 1440>
     <"on" 3 1 1 8 0 42>
     <"charge" 3 100 1 8 47 52>
     <"on" 3 2 1 8 42 122>
     <"charge" 3 200 1 8 127 132>
     <"on" 3 3 1 8 122 202>
     <"charge" 3 300 1 8 207 212>
     <"on" 3 4 1 8 202 282>
     <"charge" 3 400 1 8 287 292>
     <"on" 3 5 1 8 282 362>
     <"charge" 3 500 1 8 367 372>
     <"on" 3 6 1 8 362 442>
     <"charge" 3 600 1 8 447 452>
     <"on" 3 7 1 8 442 522>
     <"charge" 3 700 1 8 527 532>
     <"on" 3 8 1 8 522 602>
     <"charge" 3 800 1 8 607 612>
     <"on" 3 9 1 8 602 682>
     <"charge" 3 900 1 8 687 692>
     <"on" 3 10 1 8 682 762>
     <"charge" 3 1000 1 8 767 772>
     <"on" 3 11 1 8 762 842>
     <"charge" 3 1100 1 8 847 852>
     <"on" 3 12 1 8 842 922>
     <"charge" 3 1200 1 8 927 932>
     <"on" 3 13 1 8 922 1002>
     <"charge" 3 1300 1 8 1007 1012>
     <"on" 3 14 1 8 1002 1082>
     <"charge" 3 1400 1 8 1087 1092>
     <"on" 3 15 1 8 1082 1162>
     <"charge" 3 1500 1 8 1167 1172>
     <"on" 3 16 1 8 1162 1242>
     <"charge" 3 1600 1 8 1247 1252>
     <"on" 3 17 1 8 1242 1322>
     <"charge" 3 1700 1 8 1327 1332>
     <"on" 3 18 1 8 1322 1402>
     <"charge" 3 1800 1 8 1407 1412>
     <"on" 3 19 1 8 1402 1440>
     <"on" 4 1 0 2 0 61>
     <"charge" 4 100 0 2 67 72>
     <"on" 4 2 0 2 61 139>
     <"charge" 4 200 0 2 145 150>
     <"on" 4 3 0 2 139 217>
     <"charge" 4 300 0 2 223 228>
     <"on" 4 4 0 2 217 295>
     <"charge" 4 400 0 2 301 306>
     <"on" 4 5 0 2 295 373>
     <"charge" 4 500 0 2 379 384>
     <"on" 4 6 0 2 373 451>
     <"charge" 4 600 0 2 457 462>
     <"on" 4 7 0 2 451 529>
     <"charge" 4 700 0 2 535 540>
     <"on" 4 8 0 2 529 607>
     <"charge" 4 800 0 2 613 618>
     <"on" 4 9 0 2 607 685>
     <"charge" 4 900 0 2 691 696>
     <"on" 4 10 0 2 685 763>
     <"charge" 4 1000 0 2 769 774>
     <"on" 4 11 0 2 763 841>
     <"charge" 4 1100 0 2 847 852>
     <"on" 4 12 0 2 841 919>
     <"charge" 4 1200 0 2 925 930>
     <"on" 4 13 0 2 919 997>
     <"charge" 4 1300 0 2 1003 1008>
     <"on" 4 14 0 2 997 1075>
     <"charge" 4 1400 0 2 1081 1086>
     <"on" 4 15 0 2 1075 1153>
     <"charge" 4 1500 0 2 1159 1164>
     <"on" 4 16 0 2 1153 1231>
     <"charge" 4 1600 0 2 1237 1242>
     <"on" 4 17 0 2 1231 1309>
     <"charge" 4 1700 0 2 1315 1320>
     <"on" 4 18 0 2 1309 1387>
     <"charge" 4 1800 0 2 1393 1398>
     <"on" 4 19 0 2 1387 1440>
     <"on" 5 1 0 4 0 39>
     <"charge" 5 100 0 4 44 49>
     <"on" 5 2 0 4 39 119>
     <"charge" 5 200 0 4 124 129>
     <"on" 5 3 0 4 119 199>
     <"charge" 5 300 0 4 204 209>
     <"on" 5 4 0 4 199 279>
     <"charge" 5 400 0 4 284 289>
     <"on" 5 5 0 4 279 359>
     <"charge" 5 500 0 4 364 369>
     <"on" 5 6 0 4 359 439>
     <"charge" 5 600 0 4 444 449>
     <"on" 5 7 0 4 439 519>
     <"charge" 5 700 0 4 524 529>
     <"on" 5 8 0 4 519 599>
     <"charge" 5 800 0 4 604 609>
     <"on" 5 9 0 4 599 679>
     <"charge" 5 900 0 4 684 689>
     <"on" 5 10 0 4 679 759>
     <"charge" 5 1000 0 4 764 769>
     <"on" 5 11 0 4 759 839>
     <"charge" 5 1100 0 4 844 849>
     <"on" 5 12 0 4 839 919>
     <"charge" 5 1200 0 4 924 929>
     <"on" 5 13 0 4 919 999>
     <"charge" 5 1300 0 4 1004 1009>
     <"on" 5 14 0 4 999 1079>
     <"charge" 5 1400 0 4 1084 1089>
     <"on" 5 15 0 4 1079 1159>
     <"charge" 5 1500 0 4 1164 1169>
     <"on" 5 16 0 4 1159 1239>
     <"charge" 5 1600 0 4 1244 1249>
     <"on" 5 17 0 4 1239 1319>
     <"charge" 5 1700 0 4 1324 1329>
     <"on" 5 18 0 4 1319 1399>
     <"charge" 5 1800 0 4 1404 1409>
     <"on" 5 19 0 4 1399 1440>
     <"on" 6 1 0 7 0 73>
     <"charge" 6 100 0 7 78 83>
     <"on" 6 2 0 7 73 153>
     <"charge" 6 200 0 7 158 163>
     <"on" 6 3 0 7 153 233>
     <"charge" 6 300 0 7 238 243>
     <"on" 6 4 0 7 233 313>
     <"charge" 6 400 0 7 318 323>
     <"on" 6 5 0 7 313 393>
     <"charge" 6 500 0 7 398 403>
     <"on" 6 6 0 7 393 473>
     <"charge" 6 600 0 7 478 483>
     <"on" 6 7 0 7 473 553>
     <"charge" 6 700 0 7 558 563>
     <"on" 6 8 0 7 553 633>
     <"charge" 6 800 0 7 638 643>
     <"on" 6 9 0 7 633 713>
     <"charge" 6 900 0 7 718 723>
     <"on" 6 10 0 7 713 793>
     <"charge" 6 1000 0 7 798 803>
     <"on" 6 11 0 7 793 873>
     <"charge" 6 1100 0 7 878 883>
     <"on" 6 12 0 7 873 953>
     <"charge" 6 1200 0 7 958 963>
     <"on" 6 13 0 7 953 1033>
     <"charge" 6 1300 0 7 1038 1043>
     <"on" 6 14 0 7 1033 1113>
     <"charge" 6 1400 0 7 1118 1123>
     <"on" 6 15 0 7 1113 1193>
     <"charge" 6 1500 0 7 1198 1203>
     <"on" 6 16 0 7 1193 1273>
     <"charge" 6 1600 0 7 1278 1283>
     <"on" 6 17 0 7 1273 1353>
     <"charge" 6 1700 0 7 1358 1363>
     <"on" 6 18 0 7 1353 1433>
     <"charge" 6 1800 0 7 1438 1440>
     <"on" 6 19 0 7 1433 1440>
     <"on" 7 1 0 4 0 39>
     <"charge" 7 100 0 4 44 49>
     <"on" 7 2 0 4 39 119>
     <"charge" 7 200 0 4 124 129>
     <"on" 7 3 0 4 119 199>
     <"charge" 7 300 0 4 204 209>
     <"on" 7 4 0 4 199 279>
     <"charge" 7 400 0 4 284 289>
     <"on" 7 5 0 4 279 359>
     <"charge" 7 500 0 4 364 369>
     <"on" 7 6 0 4 359 439>
     <"charge" 7 600 0 4 444 449>
     <"on" 7 7 0 4 439 519>
     <"charge" 7 700 0 4 524 529>
     <"on" 7 8 0 4 519 599>
     <"charge" 7 800 0 4 604 609>
     <"on" 7 9 0 4 599 679>
     <"charge" 7 900 0 4 684 689>
     <"on" 7 10 0 4 679 759>
     <"charge" 7 1000 0 4 764 769>
     <"on" 7 11 0 4 759 839>
     <"charge" 7 1100 0 4 844 849>
     <"on" 7 12 0 4 839 919>
     <"charge" 7 1200 0 4 924 929>
     <"on" 7 13 0 4 919 999>
     <"charge" 7 1300 0 4 1004 1009>
     <"on" 7 14 0 4 999 1079>
     <"charge" 7 1400 0 4 1084 1089>
     <"on" 7 15 0 4 1079 1159>
     <"charge" 7 1500 0 4 1164 1169>
     <"on" 7 16 0 4 1159 1239>
     <"charge" 7 1600 0 4 1244 1249>
     <"on" 7 17 0 4 1239 1319>
     <"charge" 7 1700 0 4 1324 1329>
     <"on" 7 18 0 4 1319 1399>
     <"charge" 7 1800 0 4 1404 1409>
     <"on" 7 19 0 4 1399 1440>
     <"on" 8 1 7 4 0 11>
     <"charge" 8 100 7 4 13 18>
     <"on" 8 2 7 4 11 97>
     <"charge" 8 200 7 4 99 104>
     <"on" 8 3 7 4 97 183>
     <"charge" 8 300 7 4 185 190>
     <"on" 8 4 7 4 183 269>
     <"charge" 8 400 7 4 271 276>
     <"on" 8 5 7 4 269 355>
     <"charge" 8 500 7 4 357 362>
     <"on" 8 6 7 4 355 441>
     <"charge" 8 600 7 4 443 448>
     <"on" 8 7 7 4 441 527>
     <"charge" 8 700 7 4 529 534>
     <"on" 8 8 7 4 527 613>
     <"charge" 8 800 7 4 615 620>
     <"on" 8 9 7 4 613 699>
     <"charge" 8 900 7 4 701 706>
     <"on" 8 10 7 4 699 785>
     <"charge" 8 1000 7 4 787 792>
     <"on" 8 11 7 4 785 871>
     <"charge" 8 1100 7 4 873 878>
     <"on" 8 12 7 4 871 957>
     <"charge" 8 1200 7 4 959 964>
     <"on" 8 13 7 4 957 1043>
     <"charge" 8 1300 7 4 1045 1050>
     <"on" 8 14 7 4 1043 1129>
     <"charge" 8 1400 7 4 1131 1136>
     <"on" 8 15 7 4 1129 1215>
     <"charge" 8 1500 7 4 1217 1222>
     <"on" 8 16 7 4 1215 1301>
     <"charge" 8 1600 7 4 1303 1308>
     <"on" 8 17 7 4 1301 1387>
     <"charge" 8 1700 7 4 1389 1394>
     <"on" 8 18 7 4 1387 1440>
     <"on" 9 1 8 2 0 20>
     <"charge" 9 100 8 2 24 29>
     <"on" 9 2 8 2 20 102>
     <"charge" 9 200 8 2 106 111>
     <"on" 9 3 8 2 102 184>
     <"charge" 9 300 8 2 188 193>
     <"on" 9 4 8 2 184 266>
     <"charge" 9 400 8 2 270 275>
     <"on" 9 5 8 2 266 348>
     <"charge" 9 500 8 2 352 357>
     <"on" 9 6 8 2 348 430>
     <"charge" 9 600 8 2 434 439>
     <"on" 9 7 8 2 430 512>
     <"charge" 9 700 8 2 516 521>
     <"on" 9 8 8 2 512 594>
     <"charge" 9 800 8 2 598 603>
     <"on" 9 9 8 2 594 676>
     <"charge" 9 900 8 2 680 685>
     <"on" 9 10 8 2 676 758>
     <"charge" 9 1000 8 2 762 767>
     <"on" 9 11 8 2 758 840>
     <"charge" 9 1100 8 2 844 849>
     <"on" 9 12 8 2 840 922>
     <"charge" 9 1200 8 2 926 931>
     <"on" 9 13 8 2 922 1004>
     <"charge" 9 1300 8 2 1008 1013>
     <"on" 9 14 8 2 1004 1086>
     <"charge" 9 1400 8 2 1090 1095>
     <"on" 9 15 8 2 1086 1168>
     <"charge" 9 1500 8 2 1172 1177>
     <"on" 9 16 8 2 1168 1250>
     <"charge" 9 1600 8 2 1254 1259>
     <"on" 9 17 8 2 1250 1332>
     <"charge" 9 1700 8 2 1336 1341>
     <"on" 9 18 8 2 1332 1414>
     <"charge" 9 1800 8 2 1418 1423>
     <"on" 9 19 8 2 1414 1440>
     <"on" 10 1 3 3 0 17>
     <"charge" 10 100 3 3 20 25>
     <"on" 10 2 3 3 17 101>
     <"charge" 10 200 3 3 104 109>
     <"on" 10 3 3 3 101 185>
     <"charge" 10 300 3 3 188 193>
     <"on" 10 4 3 3 185 269>
     <"charge" 10 400 3 3 272 277>
     <"on" 10 5 3 3 269 353>
     <"charge" 10 500 3 3 356 361>
     <"on" 10 6 3 3 353 437>
     <"charge" 10 600 3 3 440 445>
     <"on" 10 7 3 3 437 521>
     <"charge" 10 700 3 3 524 529>
     <"on" 10 8 3 3 521 605>
     <"charge" 10 800 3 3 608 613>
     <"on" 10 9 3 3 605 689>
     <"charge" 10 900 3 3 692 697>
     <"on" 10 10 3 3 689 773>
     <"charge" 10 1000 3 3 776 781>
     <"on" 10 11 3 3 773 857>
     <"charge" 10 1100 3 3 860 865>
     <"on" 10 12 3 3 857 941>
     <"charge" 10 1200 3 3 944 949>
     <"on" 10 13 3 3 941 1025>
     <"charge" 10 1300 3 3 1028 1033>
     <"on" 10 14 3 3 1025 1109>
     <"charge" 10 1400 3 3 1112 1117>
     <"on" 10 15 3 3 1109 1193>
     <"charge" 10 1500 3 3 1196 1201>
     <"on" 10 16 3 3 1193 1277>
     <"charge" 10 1600 3 3 1280 1285>
     <"on" 10 17 3 3 1277 1361>
     <"charge" 10 1700 3 3 1364 1369>
     <"on" 10 18 3 3 1361 1440>
     <"on" 11 1 2 0 0 18>
     <"charge" 11 100 2 0 24 29>
     <"on" 11 2 2 0 18 96>
     <"charge" 11 200 2 0 102 107>
     <"on" 11 3 2 0 96 174>
     <"charge" 11 300 2 0 180 185>
     <"on" 11 4 2 0 174 252>
     <"charge" 11 400 2 0 258 263>
     <"on" 11 5 2 0 252 330>
     <"charge" 11 500 2 0 336 341>
     <"on" 11 6 2 0 330 408>
     <"charge" 11 600 2 0 414 419>
     <"on" 11 7 2 0 408 486>
     <"charge" 11 700 2 0 492 497>
     <"on" 11 8 2 0 486 564>
     <"charge" 11 800 2 0 570 575>
     <"on" 11 9 2 0 564 642>
     <"charge" 11 900 2 0 648 653>
     <"on" 11 10 2 0 642 720>
     <"charge" 11 1000 2 0 726 731>
     <"on" 11 11 2 0 720 798>
     <"charge" 11 1100 2 0 804 809>
     <"on" 11 12 2 0 798 876>
     <"charge" 11 1200 2 0 882 887>
     <"on" 11 13 2 0 876 954>
     <"charge" 11 1300 2 0 960 965>
     <"on" 11 14 2 0 954 1032>
     <"charge" 11 1400 2 0 1038 1043>
     <"on" 11 15 2 0 1032 1110>
     <"charge" 11 1500 2 0 1116 1121>
     <"on" 11 16 2 0 1110 1188>
     <"charge" 11 1600 2 0 1194 1199>
     <"on" 11 17 2 0 1188 1266>
     <"charge" 11 1700 2 0 1272 1277>
     <"on" 11 18 2 0 1266 1344>
     <"charge" 11 1800 2 0 1350 1355>
     <"on" 11 19 2 0 1344 1422>
     <"charge" 11 1900 2 0 1428 1433>
     <"on" 11 20 2 0 1422 1440>
     <"on" 12 1 6 6 0 32>
     <"charge" 12 100 6 6 33 38>
     <"on" 12 2 6 6 32 120>
     <"charge" 12 200 6 6 121 126>
     <"on" 12 3 6 6 120 208>
     <"charge" 12 300 6 6 209 214>
     <"on" 12 4 6 6 208 296>
     <"charge" 12 400 6 6 297 302>
     <"on" 12 5 6 6 296 384>
     <"charge" 12 500 6 6 385 390>
     <"on" 12 6 6 6 384 472>
     <"charge" 12 600 6 6 473 478>
     <"on" 12 7 6 6 472 560>
     <"charge" 12 700 6 6 561 566>
     <"on" 12 8 6 6 560 648>
     <"charge" 12 800 6 6 649 654>
     <"on" 12 9 6 6 648 736>
     <"charge" 12 900 6 6 737 742>
     <"on" 12 10 6 6 736 824>
     <"charge" 12 1000 6 6 825 830>
     <"on" 12 11 6 6 824 912>
     <"charge" 12 1100 6 6 913 918>
     <"on" 12 12 6 6 912 1000>
     <"charge" 12 1200 6 6 1001 1006>
     <"on" 12 13 6 6 1000 1088>
     <"charge" 12 1300 6 6 1089 1094>
     <"on" 12 14 6 6 1088 1176>
     <"charge" 12 1400 6 6 1177 1182>
     <"on" 12 15 6 6 1176 1264>
     <"charge" 12 1500 6 6 1265 1270>
     <"on" 12 16 6 6 1264 1352>
     <"charge" 12 1600 6 6 1353 1358>
     <"on" 12 17 6 6 1352 1440>
     <"on" 13 1 3 8 0 57>
     <"charge" 13 100 3 8 61 66>
     <"on" 13 2 3 8 57 139>
     <"charge" 13 200 3 8 143 148>
     <"on" 13 3 3 8 139 221>
     <"charge" 13 300 3 8 225 230>
     <"on" 13 4 3 8 221 303>
     <"charge" 13 400 3 8 307 312>
     <"on" 13 5 3 8 303 385>
     <"charge" 13 500 3 8 389 394>
     <"on" 13 6 3 8 385 467>
     <"charge" 13 600 3 8 471 476>
     <"on" 13 7 3 8 467 549>
     <"charge" 13 700 3 8 553 558>
     <"on" 13 8 3 8 549 631>
     <"charge" 13 800 3 8 635 640>
     <"on" 13 9 3 8 631 713>
     <"charge" 13 900 3 8 717 722>
     <"on" 13 10 3 8 713 795>
     <"charge" 13 1000 3 8 799 804>
     <"on" 13 11 3 8 795 877>
     <"charge" 13 1100 3 8 881 886>
     <"on" 13 12 3 8 877 959>
     <"charge" 13 1200 3 8 963 968>
     <"on" 13 13 3 8 959 1041>
     <"charge" 13 1300 3 8 1045 1050>
     <"on" 13 14 3 8 1041 1123>
     <"charge" 13 1400 3 8 1127 1132>
     <"on" 13 15 3 8 1123 1205>
     <"charge" 13 1500 3 8 1209 1214>
     <"on" 13 16 3 8 1205 1287>
     <"charge" 13 1600 3 8 1291 1296>
     <"on" 13 17 3 8 1287 1369>
     <"charge" 13 1700 3 8 1373 1378>
     <"on" 13 18 3 8 1369 1440>
     <"on" 14 1 6 5 0 19>
     <"charge" 14 100 6 5 20 25>
     <"on" 14 2 6 5 19 107>
     <"charge" 14 200 6 5 108 113>
     <"on" 14 3 6 5 107 195>
     <"charge" 14 300 6 5 196 201>
     <"on" 14 4 6 5 195 283>
     <"charge" 14 400 6 5 284 289>
     <"on" 14 5 6 5 283 371>
     <"charge" 14 500 6 5 372 377>
     <"on" 14 6 6 5 371 459>
     <"charge" 14 600 6 5 460 465>
     <"on" 14 7 6 5 459 547>
     <"charge" 14 700 6 5 548 553>
     <"on" 14 8 6 5 547 635>
     <"charge" 14 800 6 5 636 641>
     <"on" 14 9 6 5 635 723>
     <"charge" 14 900 6 5 724 729>
     <"on" 14 10 6 5 723 811>
     <"charge" 14 1000 6 5 812 817>
     <"on" 14 11 6 5 811 899>
     <"charge" 14 1100 6 5 900 905>
     <"on" 14 12 6 5 899 987>
     <"charge" 14 1200 6 5 988 993>
     <"on" 14 13 6 5 987 1075>
     <"charge" 14 1300 6 5 1076 1081>
     <"on" 14 14 6 5 1075 1163>
     <"charge" 14 1400 6 5 1164 1169>
     <"on" 14 15 6 5 1163 1251>
     <"charge" 14 1500 6 5 1252 1257>
     <"on" 14 16 6 5 1251 1339>
     <"charge" 14 1600 6 5 1340 1345>
     <"on" 14 17 6 5 1339 1427>
     <"charge" 14 1700 6 5 1428 1433>
     <"on" 14 18 6 5 1427 1440>
     <"on" 15 1 4 0 0 31>
     <"charge" 15 100 4 0 36 41>
     <"on" 15 2 4 0 31 111>
     <"charge" 15 200 4 0 116 121>
     <"on" 15 3 4 0 111 191>
     <"charge" 15 300 4 0 196 201>
     <"on" 15 4 4 0 191 271>
     <"charge" 15 400 4 0 276 281>
     <"on" 15 5 4 0 271 351>
     <"charge" 15 500 4 0 356 361>
     <"on" 15 6 4 0 351 431>
     <"charge" 15 600 4 0 436 441>
     <"on" 15 7 4 0 431 511>
     <"charge" 15 700 4 0 516 521>
     <"on" 15 8 4 0 511 591>
     <"charge" 15 800 4 0 596 601>
     <"on" 15 9 4 0 591 671>
     <"charge" 15 900 4 0 676 681>
     <"on" 15 10 4 0 671 751>
     <"charge" 15 1000 4 0 756 761>
     <"on" 15 11 4 0 751 831>
     <"charge" 15 1100 4 0 836 841>
     <"on" 15 12 4 0 831 911>
     <"charge" 15 1200 4 0 916 921>
     <"on" 15 13 4 0 911 991>
     <"charge" 15 1300 4 0 996 1001>
     <"on" 15 14 4 0 991 1071>
     <"charge" 15 1400 4 0 1076 1081>
     <"on" 15 15 4 0 1071 1151>
     <"charge" 15 1500 4 0 1156 1161>
     <"on" 15 16 4 0 1151 1231>
     <"charge" 15 1600 4 0 1236 1241>
     <"on" 15 17 4 0 1231 1311>
     <"charge" 15 1700 4 0 1316 1321>
     <"on" 15 18 4 0 1311 1391>
     <"charge" 15 1800 4 0 1396 1401>
     <"on" 15 19 4 0 1391 1440>
     <"on" 16 1 8 4 0 61>
     <"charge" 16 100 8 4 64 69>
     <"on" 16 2 8 4 61 145>
     <"charge" 16 200 8 4 148 153>
     <"on" 16 3 8 4 145 229>
     <"charge" 16 300 8 4 232 237>
     <"on" 16 4 8 4 229 313>
     <"charge" 16 400 8 4 316 321>
     <"on" 16 5 8 4 313 397>
     <"charge" 16 500 8 4 400 405>
     <"on" 16 6 8 4 397 481>
     <"charge" 16 600 8 4 484 489>
     <"on" 16 7 8 4 481 565>
     <"charge" 16 700 8 4 568 573>
     <"on" 16 8 8 4 565 649>
     <"charge" 16 800 8 4 652 657>
     <"on" 16 9 8 4 649 733>
     <"charge" 16 900 8 4 736 741>
     <"on" 16 10 8 4 733 817>
     <"charge" 16 1000 8 4 820 825>
     <"on" 16 11 8 4 817 901>
     <"charge" 16 1100 8 4 904 909>
     <"on" 16 12 8 4 901 985>
     <"charge" 16 1200 8 4 988 993>
     <"on" 16 13 8 4 985 1069>
     <"charge" 16 1300 8 4 1072 1077>
     <"on" 16 14 8 4 1069 1153>
     <"charge" 16 1400 8 4 1156 1161>
     <"on" 16 15 8 4 1153 1237>
     <"charge" 16 1500 8 4 1240 1245>
     <"on" 16 16 8 4 1237 1321>
     <"charge" 16 1600 8 4 1324 1329>
     <"on" 16 17 8 4 1321 1405>
     <"charge" 16 1700 8 4 1408 1413>
     <"on" 16 18 8 4 1405 1440>
     <"on" 17 1 8 5 0 62>
     <"charge" 17 100 8 5 65 70>
     <"on" 17 2 8 5 62 146>
     <"charge" 17 200 8 5 149 154>
     <"on" 17 3 8 5 146 230>
     <"charge" 17 300 8 5 233 238>
     <"on" 17 4 8 5 230 314>
     <"charge" 17 400 8 5 317 322>
     <"on" 17 5 8 5 314 398>
     <"charge" 17 500 8 5 401 406>
     <"on" 17 6 8 5 398 482>
     <"charge" 17 600 8 5 485 490>
     <"on" 17 7 8 5 482 566>
     <"charge" 17 700 8 5 569 574>
     <"on" 17 8 8 5 566 650>
     <"charge" 17 800 8 5 653 658>
     <"on" 17 9 8 5 650 734>
     <"charge" 17 900 8 5 737 742>
     <"on" 17 10 8 5 734 818>
     <"charge" 17 1000 8 5 821 826>
     <"on" 17 11 8 5 818 902>
     <"charge" 17 1100 8 5 905 910>
     <"on" 17 12 8 5 902 986>
     <"charge" 17 1200 8 5 989 994>
     <"on" 17 13 8 5 986 1070>
     <"charge" 17 1300 8 5 1073 1078>
     <"on" 17 14 8 5 1070 1154>
     <"charge" 17 1400 8 5 1157 1162>
     <"on" 17 15 8 5 1154 1238>
     <"charge" 17 1500 8 5 1241 1246>
     <"on" 17 16 8 5 1238 1322>
     <"charge" 17 1600 8 5 1325 1330>
     <"on" 17 17 8 5 1322 1406>
     <"charge" 17 1700 8 5 1409 1414>
     <"on" 17 18 8 5 1406 1440>
     <"on" 18 1 1 0 0 23>
     <"charge" 18 100 1 0 29 34>
     <"on" 18 2 1 0 23 101>
     <"charge" 18 200 1 0 107 112>
     <"on" 18 3 1 0 101 179>
     <"charge" 18 300 1 0 185 190>
     <"on" 18 4 1 0 179 257>
     <"charge" 18 400 1 0 263 268>
     <"on" 18 5 1 0 257 335>
     <"charge" 18 500 1 0 341 346>
     <"on" 18 6 1 0 335 413>
     <"charge" 18 600 1 0 419 424>
     <"on" 18 7 1 0 413 491>
     <"charge" 18 700 1 0 497 502>
     <"on" 18 8 1 0 491 569>
     <"charge" 18 800 1 0 575 580>
     <"on" 18 9 1 0 569 647>
     <"charge" 18 900 1 0 653 658>
     <"on" 18 10 1 0 647 725>
     <"charge" 18 1000 1 0 731 736>
     <"on" 18 11 1 0 725 803>
     <"charge" 18 1100 1 0 809 814>
     <"on" 18 12 1 0 803 881>
     <"charge" 18 1200 1 0 887 892>
     <"on" 18 13 1 0 881 959>
     <"charge" 18 1300 1 0 965 970>
     <"on" 18 14 1 0 959 1037>
     <"charge" 18 1400 1 0 1043 1048>
     <"on" 18 15 1 0 1037 1115>
     <"charge" 18 1500 1 0 1121 1126>
     <"on" 18 16 1 0 1115 1193>
     <"charge" 18 1600 1 0 1199 1204>
     <"on" 18 17 1 0 1193 1271>
     <"charge" 18 1700 1 0 1277 1282>
     <"on" 18 18 1 0 1271 1349>
     <"charge" 18 1800 1 0 1355 1360>
     <"on" 18 19 1 0 1349 1427>
     <"charge" 18 1900 1 0 1433 1438>
     <"on" 18 20 1 0 1427 1440>
     <"on" 19 1 0 0 0 70>
     <"charge" 19 100 0 0 77 82>
     <"on" 19 2 0 0 70 146>
     <"charge" 19 200 0 0 153 158>
     <"on" 19 3 0 0 146 222>
     <"charge" 19 300 0 0 229 234>
     <"on" 19 4 0 0 222 298>
     <"charge" 19 400 0 0 305 310>
     <"on" 19 5 0 0 298 374>
     <"charge" 19 500 0 0 381 386>
     <"on" 19 6 0 0 374 450>
     <"charge" 19 600 0 0 457 462>
     <"on" 19 7 0 0 450 526>
     <"charge" 19 700 0 0 533 538>
     <"on" 19 8 0 0 526 602>
     <"charge" 19 800 0 0 609 614>
     <"on" 19 9 0 0 602 678>
     <"charge" 19 900 0 0 685 690>
     <"on" 19 10 0 0 678 754>
     <"charge" 19 1000 0 0 761 766>
     <"on" 19 11 0 0 754 830>
     <"charge" 19 1100 0 0 837 842>
     <"on" 19 12 0 0 830 906>
     <"charge" 19 1200 0 0 913 918>
     <"on" 19 13 0 0 906 982>
     <"charge" 19 1300 0 0 989 994>
     <"on" 19 14 0 0 982 1058>
     <"charge" 19 1400 0 0 1065 1070>
     <"on" 19 15 0 0 1058 1134>
     <"charge" 19 1500 0 0 1141 1146>
     <"on" 19 16 0 0 1134 1210>
     <"charge" 19 1600 0 0 1217 1222>
     <"on" 19 17 0 0 1210 1286>
     <"charge" 19 1700 0 0 1293 1298>
     <"on" 19 18 0 0 1286 1362>
     <"charge" 19 1800 0 0 1369 1374>
     <"on" 19 19 0 0 1362 1438>
     <"on" 20 1 7 0 0 45>
     <"charge" 20 100 7 0 50 55>
     <"on" 20 2 7 0 45 125>
     <"charge" 20 200 7 0 130 135>
     <"on" 20 3 7 0 125 205>
     <"charge" 20 300 7 0 210 215>
     <"on" 20 4 7 0 205 285>
     <"charge" 20 400 7 0 290 295>
     <"on" 20 5 7 0 285 365>
     <"charge" 20 500 7 0 370 375>
     <"on" 20 6 7 0 365 445>
     <"charge" 20 600 7 0 450 455>
     <"on" 20 7 7 0 445 525>
     <"charge" 20 700 7 0 530 535>
     <"on" 20 8 7 0 525 605>
     <"charge" 20 800 7 0 610 615>
     <"on" 20 9 7 0 605 685>
     <"charge" 20 900 7 0 690 695>
     <"on" 20 10 7 0 685 765>
     <"charge" 20 1000 7 0 770 775>
     <"on" 20 11 7 0 765 845>
     <"charge" 20 1100 7 0 850 855>
     <"on" 20 12 7 0 845 925>
     <"charge" 20 1200 7 0 930 935>
     <"on" 20 13 7 0 925 1005>
     <"charge" 20 1300 7 0 1010 1015>
     <"on" 20 14 7 0 1005 1085>
     <"charge" 20 1400 7 0 1090 1095>
     <"on" 20 15 7 0 1085 1165>
     <"charge" 20 1500 7 0 1170 1175>
     <"on" 20 16 7 0 1165 1245>
     <"charge" 20 1600 7 0 1250 1255>
     <"on" 20 17 7 0 1245 1325>
     <"charge" 20 1700 7 0 1330 1335>
     <"on" 20 18 7 0 1325 1405>
     <"charge" 20 1800 7 0 1410 1415>
     <"on" 20 19 7 0 1405 1440>
     <"on" 21 1 9 0 0 19>
     <"charge" 21 100 9 0 25 30>
     <"on" 21 2 9 0 19 97>
     <"charge" 21 200 9 0 103 108>
     <"on" 21 3 9 0 97 175>
     <"charge" 21 300 9 0 181 186>
     <"on" 21 4 9 0 175 253>
     <"charge" 21 400 9 0 259 264>
     <"on" 21 5 9 0 253 331>
     <"charge" 21 500 9 0 337 342>
     <"on" 21 6 9 0 331 409>
     <"charge" 21 600 9 0 415 420>
     <"on" 21 7 9 0 409 487>
     <"charge" 21 700 9 0 493 498>
     <"on" 21 8 9 0 487 565>
     <"charge" 21 800 9 0 571 576>
     <"on" 21 9 9 0 565 643>
     <"charge" 21 900 9 0 649 654>
     <"on" 21 10 9 0 643 721>
     <"charge" 21 1000 9 0 727 732>
     <"on" 21 11 9 0 721 799>
     <"charge" 21 1100 9 0 805 810>
     <"on" 21 12 9 0 799 877>
     <"charge" 21 1200 9 0 883 888>
     <"on" 21 13 9 0 877 955>
     <"charge" 21 1300 9 0 961 966>
     <"on" 21 14 9 0 955 1033>
     <"charge" 21 1400 9 0 1039 1044>
     <"on" 21 15 9 0 1033 1111>
     <"charge" 21 1500 9 0 1117 1122>
     <"on" 21 16 9 0 1111 1189>
     <"charge" 21 1600 9 0 1195 1200>
     <"on" 21 17 9 0 1189 1267>
     <"charge" 21 1700 9 0 1273 1278>
     <"on" 21 18 9 0 1267 1345>
     <"charge" 21 1800 9 0 1351 1356>
     <"on" 21 19 9 0 1345 1423>
     <"charge" 21 1900 9 0 1429 1434>
     <"on" 21 20 9 0 1423 1440>
     <"on" 22 1 8 8 0 69>
     <"charge" 22 100 8 8 73 78>
     <"on" 22 2 8 8 69 151>
     <"charge" 22 200 8 8 155 160>
     <"on" 22 3 8 8 151 233>
     <"charge" 22 300 8 8 237 242>
     <"on" 22 4 8 8 233 315>
     <"charge" 22 400 8 8 319 324>
     <"on" 22 5 8 8 315 397>
     <"charge" 22 500 8 8 401 406>
     <"on" 22 6 8 8 397 479>
     <"charge" 22 600 8 8 483 488>
     <"on" 22 7 8 8 479 561>
     <"charge" 22 700 8 8 565 570>
     <"on" 22 8 8 8 561 643>
     <"charge" 22 800 8 8 647 652>
     <"on" 22 9 8 8 643 725>
     <"charge" 22 900 8 8 729 734>
     <"on" 22 10 8 8 725 807>
     <"charge" 22 1000 8 8 811 816>
     <"on" 22 11 8 8 807 889>
     <"charge" 22 1100 8 8 893 898>
     <"on" 22 12 8 8 889 971>
     <"charge" 22 1200 8 8 975 980>
     <"on" 22 13 8 8 971 1053>
     <"charge" 22 1300 8 8 1057 1062>
     <"on" 22 14 8 8 1053 1135>
     <"charge" 22 1400 8 8 1139 1144>
     <"on" 22 15 8 8 1135 1217>
     <"charge" 22 1500 8 8 1221 1226>
     <"on" 22 16 8 8 1217 1299>
     <"charge" 22 1600 8 8 1303 1308>
     <"on" 22 17 8 8 1299 1381>
     <"charge" 22 1700 8 8 1385 1390>
     <"on" 22 18 8 8 1381 1440>
     <"on" 23 1 1 5 0 36>
     <"charge" 23 100 1 5 40 45>
     <"on" 23 2 1 5 36 118>
     <"charge" 23 200 1 5 122 127>
     <"on" 23 3 1 5 118 200>
     <"charge" 23 300 1 5 204 209>
     <"on" 23 4 1 5 200 282>
     <"charge" 23 400 1 5 286 291>
     <"on" 23 5 1 5 282 364>
     <"charge" 23 500 1 5 368 373>
     <"on" 23 6 1 5 364 446>
     <"charge" 23 600 1 5 450 455>
     <"on" 23 7 1 5 446 528>
     <"charge" 23 700 1 5 532 537>
     <"on" 23 8 1 5 528 610>
     <"charge" 23 800 1 5 614 619>
     <"on" 23 9 1 5 610 692>
     <"charge" 23 900 1 5 696 701>
     <"on" 23 10 1 5 692 774>
     <"charge" 23 1000 1 5 778 783>
     <"on" 23 11 1 5 774 856>
     <"charge" 23 1100 1 5 860 865>
     <"on" 23 12 1 5 856 938>
     <"charge" 23 1200 1 5 942 947>
     <"on" 23 13 1 5 938 1020>
     <"charge" 23 1300 1 5 1024 1029>
     <"on" 23 14 1 5 1020 1102>
     <"charge" 23 1400 1 5 1106 1111>
     <"on" 23 15 1 5 1102 1184>
     <"charge" 23 1500 1 5 1188 1193>
     <"on" 23 16 1 5 1184 1266>
     <"charge" 23 1600 1 5 1270 1275>
     <"on" 23 17 1 5 1266 1348>
     <"charge" 23 1700 1 5 1352 1357>
     <"on" 23 18 1 5 1348 1430>
     <"charge" 23 1800 1 5 1434 1439>
     <"on" 23 19 1 5 1430 1440>
     <"on" 24 1 2 4 0 16>
     <"charge" 24 100 2 4 19 24>
     <"on" 24 2 2 4 16 100>
     <"charge" 24 200 2 4 103 108>
     <"on" 24 3 2 4 100 184>
     <"charge" 24 300 2 4 187 192>
     <"on" 24 4 2 4 184 268>
     <"charge" 24 400 2 4 271 276>
     <"on" 24 5 2 4 268 352>
     <"charge" 24 500 2 4 355 360>
     <"on" 24 6 2 4 352 436>
     <"charge" 24 600 2 4 439 444>
     <"on" 24 7 2 4 436 520>
     <"charge" 24 700 2 4 523 528>
     <"on" 24 8 2 4 520 604>
     <"charge" 24 800 2 4 607 612>
     <"on" 24 9 2 4 604 688>
     <"charge" 24 900 2 4 691 696>
     <"on" 24 10 2 4 688 772>
     <"charge" 24 1000 2 4 775 780>
     <"on" 24 11 2 4 772 856>
     <"charge" 24 1100 2 4 859 864>
     <"on" 24 12 2 4 856 940>
     <"charge" 24 1200 2 4 943 948>
     <"on" 24 13 2 4 940 1024>
     <"charge" 24 1300 2 4 1027 1032>
     <"on" 24 14 2 4 1024 1108>
     <"charge" 24 1400 2 4 1111 1116>
     <"on" 24 15 2 4 1108 1192>
     <"charge" 24 1500 2 4 1195 1200>
     <"on" 24 16 2 4 1192 1276>
     <"charge" 24 1600 2 4 1279 1284>
     <"on" 24 17 2 4 1276 1360>
     <"charge" 24 1700 2 4 1363 1368>
     <"on" 24 18 2 4 1360 1440>
     <"on" 25 1 2 8 0 42>
     <"charge" 25 100 2 8 46 51>
     <"on" 25 2 2 8 42 124>
     <"charge" 25 200 2 8 128 133>
     <"on" 25 3 2 8 124 206>
     <"charge" 25 300 2 8 210 215>
     <"on" 25 4 2 8 206 288>
     <"charge" 25 400 2 8 292 297>
     <"on" 25 5 2 8 288 370>
     <"charge" 25 500 2 8 374 379>
     <"on" 25 6 2 8 370 452>
     <"charge" 25 600 2 8 456 461>
     <"on" 25 7 2 8 452 534>
     <"charge" 25 700 2 8 538 543>
     <"on" 25 8 2 8 534 616>
     <"charge" 25 800 2 8 620 625>
     <"on" 25 9 2 8 616 698>
     <"charge" 25 900 2 8 702 707>
     <"on" 25 10 2 8 698 780>
     <"charge" 25 1000 2 8 784 789>
     <"on" 25 11 2 8 780 862>
     <"charge" 25 1100 2 8 866 871>
     <"on" 25 12 2 8 862 944>
     <"charge" 25 1200 2 8 948 953>
     <"on" 25 13 2 8 944 1026>
     <"charge" 25 1300 2 8 1030 1035>
     <"on" 25 14 2 8 1026 1108>
     <"charge" 25 1400 2 8 1112 1117>
     <"on" 25 15 2 8 1108 1190>
     <"charge" 25 1500 2 8 1194 1199>
     <"on" 25 16 2 8 1190 1272>
     <"charge" 25 1600 2 8 1276 1281>
     <"on" 25 17 2 8 1272 1354>
     <"charge" 25 1700 2 8 1358 1363>
     <"on" 25 18 2 8 1354 1436>
     <"on" 26 1 1 5 0 56>
     <"charge" 26 100 1 5 60 65>
     <"on" 26 2 1 5 56 138>
     <"charge" 26 200 1 5 142 147>
     <"on" 26 3 1 5 138 220>
     <"charge" 26 300 1 5 224 229>
     <"on" 26 4 1 5 220 302>
     <"charge" 26 400 1 5 306 311>
     <"on" 26 5 1 5 302 384>
     <"charge" 26 500 1 5 388 393>
     <"on" 26 6 1 5 384 466>
     <"charge" 26 600 1 5 470 475>
     <"on" 26 7 1 5 466 548>
     <"charge" 26 700 1 5 552 557>
     <"on" 26 8 1 5 548 630>
     <"charge" 26 800 1 5 634 639>
     <"on" 26 9 1 5 630 712>
     <"charge" 26 900 1 5 716 721>
     <"on" 26 10 1 5 712 794>
     <"charge" 26 1000 1 5 798 803>
     <"on" 26 11 1 5 794 876>
     <"charge" 26 1100 1 5 880 885>
     <"on" 26 12 1 5 876 958>
     <"charge" 26 1200 1 5 962 967>
     <"on" 26 13 1 5 958 1040>
     <"charge" 26 1300 1 5 1044 1049>
     <"on" 26 14 1 5 1040 1122>
     <"charge" 26 1400 1 5 1126 1131>
     <"on" 26 15 1 5 1122 1204>
     <"charge" 26 1500 1 5 1208 1213>
     <"on" 26 16 1 5 1204 1286>
     <"charge" 26 1600 1 5 1290 1295>
     <"on" 26 17 1 5 1286 1368>
     <"charge" 26 1700 1 5 1372 1377>
     <"on" 26 18 1 5 1368 1440>
     <"on" 27 1 4 7 0 65>
     <"charge" 27 100 4 7 67 72>
     <"on" 27 2 4 7 65 151>
     <"charge" 27 200 4 7 153 158>
     <"on" 27 3 4 7 151 237>
     <"charge" 27 300 4 7 239 244>
     <"on" 27 4 4 7 237 323>
     <"charge" 27 400 4 7 325 330>
     <"on" 27 5 4 7 323 409>
     <"charge" 27 500 4 7 411 416>
     <"on" 27 6 4 7 409 495>
     <"charge" 27 600 4 7 497 502>
     <"on" 27 7 4 7 495 581>
     <"charge" 27 700 4 7 583 588>
     <"on" 27 8 4 7 581 667>
     <"charge" 27 800 4 7 669 674>
     <"on" 27 9 4 7 667 753>
     <"charge" 27 900 4 7 755 760>
     <"on" 27 10 4 7 753 839>
     <"charge" 27 1000 4 7 841 846>
     <"on" 27 11 4 7 839 925>
     <"charge" 27 1100 4 7 927 932>
     <"on" 27 12 4 7 925 1011>
     <"charge" 27 1200 4 7 1013 1018>
     <"on" 27 13 4 7 1011 1097>
     <"charge" 27 1300 4 7 1099 1104>
     <"on" 27 14 4 7 1097 1183>
     <"charge" 27 1400 4 7 1185 1190>
     <"on" 27 15 4 7 1183 1269>
     <"charge" 27 1500 4 7 1271 1276>
     <"on" 27 16 4 7 1269 1355>
     <"charge" 27 1600 4 7 1357 1362>
     <"on" 27 17 4 7 1355 1440>
     <"on" 28 1 5 3 0 41>
     <"charge" 28 100 5 3 43 48>
     <"on" 28 2 5 3 41 127>
     <"charge" 28 200 5 3 129 134>
     <"on" 28 3 5 3 127 213>
     <"charge" 28 300 5 3 215 220>
     <"on" 28 4 5 3 213 299>
     <"charge" 28 400 5 3 301 306>
     <"on" 28 5 5 3 299 385>
     <"charge" 28 500 5 3 387 392>
     <"on" 28 6 5 3 385 471>
     <"charge" 28 600 5 3 473 478>
     <"on" 28 7 5 3 471 557>
     <"charge" 28 700 5 3 559 564>
     <"on" 28 8 5 3 557 643>
     <"charge" 28 800 5 3 645 650>
     <"on" 28 9 5 3 643 729>
     <"charge" 28 900 5 3 731 736>
     <"on" 28 10 5 3 729 815>
     <"charge" 28 1000 5 3 817 822>
     <"on" 28 11 5 3 815 901>
     <"charge" 28 1100 5 3 903 908>
     <"on" 28 12 5 3 901 987>
     <"charge" 28 1200 5 3 989 994>
     <"on" 28 13 5 3 987 1073>
     <"charge" 28 1300 5 3 1075 1080>
     <"on" 28 14 5 3 1073 1159>
     <"charge" 28 1400 5 3 1161 1166>
     <"on" 28 15 5 3 1159 1245>
     <"charge" 28 1500 5 3 1247 1252>
     <"on" 28 16 5 3 1245 1331>
     <"charge" 28 1600 5 3 1333 1338>
     <"on" 28 17 5 3 1331 1417>
     <"charge" 28 1700 5 3 1419 1424>
     <"on" 28 18 5 3 1417 1440>
     <"on" 29 1 8 8 0 77>
     <"charge" 29 100 8 8 81 86>
     <"on" 29 2 8 8 77 159>
     <"charge" 29 200 8 8 163 168>
     <"on" 29 3 8 8 159 241>
     <"charge" 29 300 8 8 245 250>
     <"on" 29 4 8 8 241 323>
     <"charge" 29 400 8 8 327 332>
     <"on" 29 5 8 8 323 405>
     <"charge" 29 500 8 8 409 414>
     <"on" 29 6 8 8 405 487>
     <"charge" 29 600 8 8 491 496>
     <"on" 29 7 8 8 487 569>
     <"charge" 29 700 8 8 573 578>
     <"on" 29 8 8 8 569 651>
     <"charge" 29 800 8 8 655 660>
     <"on" 29 9 8 8 651 733>
     <"charge" 29 900 8 8 737 742>
     <"on" 29 10 8 8 733 815>
     <"charge" 29 1000 8 8 819 824>
     <"on" 29 11 8 8 815 897>
     <"charge" 29 1100 8 8 901 906>
     <"on" 29 12 8 8 897 979>
     <"charge" 29 1200 8 8 983 988>
     <"on" 29 13 8 8 979 1061>
     <"charge" 29 1300 8 8 1065 1070>
     <"on" 29 14 8 8 1061 1143>
     <"charge" 29 1400 8 8 1147 1152>
     <"on" 29 15 8 8 1143 1225>
     <"charge" 29 1500 8 8 1229 1234>
     <"on" 29 16 8 8 1225 1307>
     <"charge" 29 1600 8 8 1311 1316>
     <"on" 29 17 8 8 1307 1389>
     <"charge" 29 1700 8 8 1393 1398>
     <"on" 29 18 8 8 1389 1440>
     <"on" 30 1 7 7 0 46>
     <"charge" 30 100 7 7 49 54>
     <"on" 30 2 7 7 46 130>
     <"charge" 30 200 7 7 133 138>
     <"on" 30 3 7 7 130 214>
     <"charge" 30 300 7 7 217 222>
     <"on" 30 4 7 7 214 298>
     <"charge" 30 400 7 7 301 306>
     <"on" 30 5 7 7 298 382>
     <"charge" 30 500 7 7 385 390>
     <"on" 30 6 7 7 382 466>
     <"charge" 30 600 7 7 469 474>
     <"on" 30 7 7 7 466 550>
     <"charge" 30 700 7 7 553 558>
     <"on" 30 8 7 7 550 634>
     <"charge" 30 800 7 7 637 642>
     <"on" 30 9 7 7 634 718>
     <"charge" 30 900 7 7 721 726>
     <"on" 30 10 7 7 718 802>
     <"charge" 30 1000 7 7 805 810>
     <"on" 30 11 7 7 802 886>
     <"charge" 30 1100 7 7 889 894>
     <"on" 30 12 7 7 886 970>
     <"charge" 30 1200 7 7 973 978>
     <"on" 30 13 7 7 970 1054>
     <"charge" 30 1300 7 7 1057 1062>
     <"on" 30 14 7 7 1054 1138>
     <"charge" 30 1400 7 7 1141 1146>
     <"on" 30 15 7 7 1138 1222>
     <"charge" 30 1500 7 7 1225 1230>
     <"on" 30 16 7 7 1222 1306>
     <"charge" 30 1600 7 7 1309 1314>
     <"on" 30 17 7 7 1306 1390>
     <"charge" 30 1700 7 7 1393 1398>
     <"on" 30 18 7 7 1390 1440>
     <"on" 31 1 1 2 0 17>
     <"charge" 31 100 1 2 22 27>
     <"on" 31 2 1 2 17 97>
     <"charge" 31 200 1 2 102 107>
     <"on" 31 3 1 2 97 177>
     <"charge" 31 300 1 2 182 187>
     <"on" 31 4 1 2 177 257>
     <"charge" 31 400 1 2 262 267>
     <"on" 31 5 1 2 257 337>
     <"charge" 31 500 1 2 342 347>
     <"on" 31 6 1 2 337 417>
     <"charge" 31 600 1 2 422 427>
     <"on" 31 7 1 2 417 497>
     <"charge" 31 700 1 2 502 507>
     <"on" 31 8 1 2 497 577>
     <"charge" 31 800 1 2 582 587>
     <"on" 31 9 1 2 577 657>
     <"charge" 31 900 1 2 662 667>
     <"on" 31 10 1 2 657 737>
     <"charge" 31 1000 1 2 742 747>
     <"on" 31 11 1 2 737 817>
     <"charge" 31 1100 1 2 822 827>
     <"on" 31 12 1 2 817 897>
     <"charge" 31 1200 1 2 902 907>
     <"on" 31 13 1 2 897 977>
     <"charge" 31 1300 1 2 982 987>
     <"on" 31 14 1 2 977 1057>
     <"charge" 31 1400 1 2 1062 1067>
     <"on" 31 15 1 2 1057 1137>
     <"charge" 31 1500 1 2 1142 1147>
     <"on" 31 16 1 2 1137 1217>
     <"charge" 31 1600 1 2 1222 1227>
     <"on" 31 17 1 2 1217 1297>
     <"charge" 31 1700 1 2 1302 1307>
     <"on" 31 18 1 2 1297 1377>
     <"charge" 31 1800 1 2 1382 1387>
     <"on" 31 19 1 2 1377 1440>
     <"on" 32 1 0 2 0 62>
     <"charge" 32 100 0 2 68 73>
     <"on" 32 2 0 2 62 140>
     <"charge" 32 200 0 2 146 151>
     <"on" 32 3 0 2 140 218>
     <"charge" 32 300 0 2 224 229>
     <"on" 32 4 0 2 218 296>
     <"charge" 32 400 0 2 302 307>
     <"on" 32 5 0 2 296 374>
     <"charge" 32 500 0 2 380 385>
     <"on" 32 6 0 2 374 452>
     <"charge" 32 600 0 2 458 463>
     <"on" 32 7 0 2 452 530>
     <"charge" 32 700 0 2 536 541>
     <"on" 32 8 0 2 530 608>
     <"charge" 32 800 0 2 614 619>
     <"on" 32 9 0 2 608 686>
     <"charge" 32 900 0 2 692 697>
     <"on" 32 10 0 2 686 764>
     <"charge" 32 1000 0 2 770 775>
     <"on" 32 11 0 2 764 842>
     <"charge" 32 1100 0 2 848 853>
     <"on" 32 12 0 2 842 920>
     <"charge" 32 1200 0 2 926 931>
     <"on" 32 13 0 2 920 998>
     <"charge" 32 1300 0 2 1004 1009>
     <"on" 32 14 0 2 998 1076>
     <"charge" 32 1400 0 2 1082 1087>
     <"on" 32 15 0 2 1076 1154>
     <"charge" 32 1500 0 2 1160 1165>
     <"on" 32 16 0 2 1154 1232>
     <"charge" 32 1600 0 2 1238 1243>
     <"on" 32 17 0 2 1232 1310>
     <"charge" 32 1700 0 2 1316 1321>
     <"on" 32 18 0 2 1310 1388>
     <"charge" 32 1800 0 2 1394 1399>
     <"on" 32 19 0 2 1388 1440>
     <"on" 33 1 3 4 0 75>
     <"charge" 33 100 3 4 77 82>
     <"on" 33 2 3 4 75 161>
     <"charge" 33 200 3 4 163 168>
     <"on" 33 3 3 4 161 247>
     <"charge" 33 300 3 4 249 254>
     <"on" 33 4 3 4 247 333>
     <"charge" 33 400 3 4 335 340>
     <"on" 33 5 3 4 333 419>
     <"charge" 33 500 3 4 421 426>
     <"on" 33 6 3 4 419 505>
     <"charge" 33 600 3 4 507 512>
     <"on" 33 7 3 4 505 591>
     <"charge" 33 700 3 4 593 598>
     <"on" 33 8 3 4 591 677>
     <"charge" 33 800 3 4 679 684>
     <"on" 33 9 3 4 677 763>
     <"charge" 33 900 3 4 765 770>
     <"on" 33 10 3 4 763 849>
     <"charge" 33 1000 3 4 851 856>
     <"on" 33 11 3 4 849 935>
     <"charge" 33 1100 3 4 937 942>
     <"on" 33 12 3 4 935 1021>
     <"charge" 33 1200 3 4 1023 1028>
     <"on" 33 13 3 4 1021 1107>
     <"charge" 33 1300 3 4 1109 1114>
     <"on" 33 14 3 4 1107 1193>
     <"charge" 33 1400 3 4 1195 1200>
     <"on" 33 15 3 4 1193 1279>
     <"charge" 33 1500 3 4 1281 1286>
     <"on" 33 16 3 4 1279 1365>
     <"charge" 33 1600 3 4 1367 1372>
     <"on" 33 17 3 4 1365 1440>
     <"on" 34 1 5 6 0 82>
     <"charge" 34 100 5 6 83 88>
     <"on" 34 2 5 6 82 170>
     <"charge" 34 200 5 6 171 176>
     <"on" 34 3 5 6 170 258>
     <"charge" 34 300 5 6 259 264>
     <"on" 34 4 5 6 258 346>
     <"charge" 34 400 5 6 347 352>
     <"on" 34 5 5 6 346 434>
     <"charge" 34 500 5 6 435 440>
     <"on" 34 6 5 6 434 522>
     <"charge" 34 600 5 6 523 528>
     <"on" 34 7 5 6 522 610>
     <"charge" 34 700 5 6 611 616>
     <"on" 34 8 5 6 610 698>
     <"charge" 34 800 5 6 699 704>
     <"on" 34 9 5 6 698 786>
     <"charge" 34 900 5 6 787 792>
     <"on" 34 10 5 6 786 874>
     <"charge" 34 1000 5 6 875 880>
     <"on" 34 11 5 6 874 962>
     <"charge" 34 1100 5 6 963 968>
     <"on" 34 12 5 6 962 1050>
     <"charge" 34 1200 5 6 1051 1056>
     <"on" 34 13 5 6 1050 1138>
     <"charge" 34 1300 5 6 1139 1144>
     <"on" 34 14 5 6 1138 1226>
     <"charge" 34 1400 5 6 1227 1232>
     <"on" 34 15 5 6 1226 1314>
     <"charge" 34 1500 5 6 1315 1320>
     <"on" 34 16 5 6 1314 1402>
     <"charge" 34 1600 5 6 1403 1408>
     <"on" 34 17 5 6 1402 1440>
     <"on" 35 1 0 8 0 35>
     <"charge" 35 100 0 8 41 46>
     <"on" 35 2 0 8 35 113>
     <"charge" 35 200 0 8 119 124>
     <"on" 35 3 0 8 113 191>
     <"charge" 35 300 0 8 197 202>
     <"on" 35 4 0 8 191 269>
     <"charge" 35 400 0 8 275 280>
     <"on" 35 5 0 8 269 347>
     <"charge" 35 500 0 8 353 358>
     <"on" 35 6 0 8 347 425>
     <"charge" 35 600 0 8 431 436>
     <"on" 35 7 0 8 425 503>
     <"charge" 35 700 0 8 509 514>
     <"on" 35 8 0 8 503 581>
     <"charge" 35 800 0 8 587 592>
     <"on" 35 9 0 8 581 659>
     <"charge" 35 900 0 8 665 670>
     <"on" 35 10 0 8 659 737>
     <"charge" 35 1000 0 8 743 748>
     <"on" 35 11 0 8 737 815>
     <"charge" 35 1100 0 8 821 826>
     <"on" 35 12 0 8 815 893>
     <"charge" 35 1200 0 8 899 904>
     <"on" 35 13 0 8 893 971>
     <"charge" 35 1300 0 8 977 982>
     <"on" 35 14 0 8 971 1049>
     <"charge" 35 1400 0 8 1055 1060>
     <"on" 35 15 0 8 1049 1127>
     <"charge" 35 1500 0 8 1133 1138>
     <"on" 35 16 0 8 1127 1205>
     <"charge" 35 1600 0 8 1211 1216>
     <"on" 35 17 0 8 1205 1283>
     <"charge" 35 1700 0 8 1289 1294>
     <"on" 35 18 0 8 1283 1361>
     <"charge" 35 1800 0 8 1367 1372>
     <"on" 35 19 0 8 1361 1439>
     <"on" 36 1 1 1 0 33>
     <"charge" 36 100 1 1 39 44>
     <"on" 36 2 1 1 33 111>
     <"charge" 36 200 1 1 117 122>
     <"on" 36 3 1 1 111 189>
     <"charge" 36 300 1 1 195 200>
     <"on" 36 4 1 1 189 267>
     <"charge" 36 400 1 1 273 278>
     <"on" 36 5 1 1 267 345>
     <"charge" 36 500 1 1 351 356>
     <"on" 36 6 1 1 345 423>
     <"charge" 36 600 1 1 429 434>
     <"on" 36 7 1 1 423 501>
     <"charge" 36 700 1 1 507 512>
     <"on" 36 8 1 1 501 579>
     <"charge" 36 800 1 1 585 590>
     <"on" 36 9 1 1 579 657>
     <"charge" 36 900 1 1 663 668>
     <"on" 36 10 1 1 657 735>
     <"charge" 36 1000 1 1 741 746>
     <"on" 36 11 1 1 735 813>
     <"charge" 36 1100 1 1 819 824>
     <"on" 36 12 1 1 813 891>
     <"charge" 36 1200 1 1 897 902>
     <"on" 36 13 1 1 891 969>
     <"charge" 36 1300 1 1 975 980>
     <"on" 36 14 1 1 969 1047>
     <"charge" 36 1400 1 1 1053 1058>
     <"on" 36 15 1 1 1047 1125>
     <"charge" 36 1500 1 1 1131 1136>
     <"on" 36 16 1 1 1125 1203>
     <"charge" 36 1600 1 1 1209 1214>
     <"on" 36 17 1 1 1203 1281>
     <"charge" 36 1700 1 1 1287 1292>
     <"on" 36 18 1 1 1281 1359>
     <"charge" 36 1800 1 1 1365 1370>
     <"on" 36 19 1 1 1359 1437>
     <"on" 37 1 8 1 0 17>
     <"charge" 37 100 8 1 22 27>
     <"on" 37 2 8 1 17 97>
     <"charge" 37 200 8 1 102 107>
     <"on" 37 3 8 1 97 177>
     <"charge" 37 300 8 1 182 187>
     <"on" 37 4 8 1 177 257>
     <"charge" 37 400 8 1 262 267>
     <"on" 37 5 8 1 257 337>
     <"charge" 37 500 8 1 342 347>
     <"on" 37 6 8 1 337 417>
     <"charge" 37 600 8 1 422 427>
     <"on" 37 7 8 1 417 497>
     <"charge" 37 700 8 1 502 507>
     <"on" 37 8 8 1 497 577>
     <"charge" 37 800 8 1 582 587>
     <"on" 37 9 8 1 577 657>
     <"charge" 37 900 8 1 662 667>
     <"on" 37 10 8 1 657 737>
     <"charge" 37 1000 8 1 742 747>
     <"on" 37 11 8 1 737 817>
     <"charge" 37 1100 8 1 822 827>
     <"on" 37 12 8 1 817 897>
     <"charge" 37 1200 8 1 902 907>
     <"on" 37 13 8 1 897 977>
     <"charge" 37 1300 8 1 982 987>
     <"on" 37 14 8 1 977 1057>
     <"charge" 37 1400 8 1 1062 1067>
     <"on" 37 15 8 1 1057 1137>
     <"charge" 37 1500 8 1 1142 1147>
     <"on" 37 16 8 1 1137 1217>
     <"charge" 37 1600 8 1 1222 1227>
     <"on" 37 17 8 1 1217 1297>
     <"charge" 37 1700 8 1 1302 1307>
     <"on" 37 18 8 1 1297 1377>
     <"charge" 37 1800 8 1 1382 1387>
     <"on" 37 19 8 1 1377 1440>
     <"on" 38 1 4 5 0 18>
     <"charge" 38 100 4 5 19 24>
     <"on" 38 2 4 5 18 106>
     <"charge" 38 200 4 5 107 112>
     <"on" 38 3 4 5 106 194>
     <"charge" 38 300 4 5 195 200>
     <"on" 38 4 4 5 194 282>
     <"charge" 38 400 4 5 283 288>
     <"on" 38 5 4 5 282 370>
     <"charge" 38 500 4 5 371 376>
     <"on" 38 6 4 5 370 458>
     <"charge" 38 600 4 5 459 464>
     <"on" 38 7 4 5 458 546>
     <"charge" 38 700 4 5 547 552>
     <"on" 38 8 4 5 546 634>
     <"charge" 38 800 4 5 635 640>
     <"on" 38 9 4 5 634 722>
     <"charge" 38 900 4 5 723 728>
     <"on" 38 10 4 5 722 810>
     <"charge" 38 1000 4 5 811 816>
     <"on" 38 11 4 5 810 898>
     <"charge" 38 1100 4 5 899 904>
     <"on" 38 12 4 5 898 986>
     <"charge" 38 1200 4 5 987 992>
     <"on" 38 13 4 5 986 1074>
     <"charge" 38 1300 4 5 1075 1080>
     <"on" 38 14 4 5 1074 1162>
     <"charge" 38 1400 4 5 1163 1168>
     <"on" 38 15 4 5 1162 1250>
     <"charge" 38 1500 4 5 1251 1256>
     <"on" 38 16 4 5 1250 1338>
     <"charge" 38 1600 4 5 1339 1344>
     <"on" 38 17 4 5 1338 1426>
     <"charge" 38 1700 4 5 1427 1432>
     <"on" 38 18 4 5 1426 1440>
     <"on" 39 1 1 3 0 21>
     <"charge" 39 100 1 3 25 30>
     <"on" 39 2 1 3 21 103>
     <"charge" 39 200 1 3 107 112>
     <"on" 39 3 1 3 103 185>
     <"charge" 39 300 1 3 189 194>
     <"on" 39 4 1 3 185 267>
     <"charge" 39 400 1 3 271 276>
     <"on" 39 5 1 3 267 349>
     <"charge" 39 500 1 3 353 358>
     <"on" 39 6 1 3 349 431>
     <"charge" 39 600 1 3 435 440>
     <"on" 39 7 1 3 431 513>
     <"charge" 39 700 1 3 517 522>
     <"on" 39 8 1 3 513 595>
     <"charge" 39 800 1 3 599 604>
     <"on" 39 9 1 3 595 677>
     <"charge" 39 900 1 3 681 686>
     <"on" 39 10 1 3 677 759>
     <"charge" 39 1000 1 3 763 768>
     <"on" 39 11 1 3 759 841>
     <"charge" 39 1100 1 3 845 850>
     <"on" 39 12 1 3 841 923>
     <"charge" 39 1200 1 3 927 932>
     <"on" 39 13 1 3 923 1005>
     <"charge" 39 1300 1 3 1009 1014>
     <"on" 39 14 1 3 1005 1087>
     <"charge" 39 1400 1 3 1091 1096>
     <"on" 39 15 1 3 1087 1169>
     <"charge" 39 1500 1 3 1173 1178>
     <"on" 39 16 1 3 1169 1251>
     <"charge" 39 1600 1 3 1255 1260>
     <"on" 39 17 1 3 1251 1333>
     <"charge" 39 1700 1 3 1337 1342>
     <"on" 39 18 1 3 1333 1415>
     <"charge" 39 1800 1 3 1419 1424>
     <"on" 39 19 1 3 1415 1440>
     <"on" 40 1 6 1 0 70>
     <"charge" 40 100 6 1 74 79>
     <"on" 40 2 6 1 70 152>
     <"charge" 40 200 6 1 156 161>
     <"on" 40 3 6 1 152 234>
     <"charge" 40 300 6 1 238 243>
     <"on" 40 4 6 1 234 316>
     <"charge" 40 400 6 1 320 325>
     <"on" 40 5 6 1 316 398>
     <"charge" 40 500 6 1 402 407>
     <"on" 40 6 6 1 398 480>
     <"charge" 40 600 6 1 484 489>
     <"on" 40 7 6 1 480 562>
     <"charge" 40 700 6 1 566 571>
     <"on" 40 8 6 1 562 644>
     <"charge" 40 800 6 1 648 653>
     <"on" 40 9 6 1 644 726>
     <"charge" 40 900 6 1 730 735>
     <"on" 40 10 6 1 726 808>
     <"charge" 40 1000 6 1 812 817>
     <"on" 40 11 6 1 808 890>
     <"charge" 40 1100 6 1 894 899>
     <"on" 40 12 6 1 890 972>
     <"charge" 40 1200 6 1 976 981>
     <"on" 40 13 6 1 972 1054>
     <"charge" 40 1300 6 1 1058 1063>
     <"on" 40 14 6 1 1054 1136>
     <"charge" 40 1400 6 1 1140 1145>
     <"on" 40 15 6 1 1136 1218>
     <"charge" 40 1500 6 1 1222 1227>
     <"on" 40 16 6 1 1218 1300>
     <"charge" 40 1600 6 1 1304 1309>
     <"on" 40 17 6 1 1300 1382>
     <"charge" 40 1700 6 1 1386 1391>
     <"on" 40 18 6 1 1382 1440>};
Travel =  {<0 0 0> <0 1 2> <0 2 6> <0 3 5> <0 4 6> <0 5 5> <0 6 5>
     <0 7 5> <0 8 2> <0 9 4> <0 10 3> <0 11 6> <0 12 1>
     <0 13 4> <0 14 1> <0 15 5> <0 16 3> <0 17 3> <0 18 6>
     <0 19 7> <0 20 5> <0 21 6> <0 22 4> <0 23 4> <0 24 3>
     <0 25 4> <0 26 4> <0 27 2> <0 28 2> <0 29 4> <0 30 3>
     <0 31 5> <0 32 6> <0 33 2> <0 34 1> <0 35 6> <0 36 6>
     <0 37 5> <0 38 1> <0 39 4> <0 40 4> <1 0 2> <1 1 0>
     <1 2 9> <1 3 5> <1 4 8> <1 5 7> <1 6 6> <1 7 7>
     <1 8 3> <1 9 5> <1 10 5> <1 11 8> <1 12 1> <1 13 3>
     <1 14 2> <1 15 7> <1 16 4> <1 17 3> <1 18 9> <1 19 9>
     <1 20 7> <1 21 8> <1 22 2> <1 23 5> <1 24 5> <1 25 4>
     <1 26 5> <1 27 2> <1 28 4> <1 29 2> <1 30 1> <1 31 7>
     <1 32 8> <1 33 4> <1 34 1> <1 35 6> <1 36 8> <1 37 6>
     <1 38 3> <1 39 6> <1 40 6> <2 0 6> <2 1 9> <2 2 0>
     <2 3 8> <2 4 2> <2 5 4> <2 6 7> <2 7 4> <2 8 7>
     <2 9 7> <2 10 4> <2 11 1> <2 12 8> <2 13 8> <2 14 7>
     <2 15 3> <2 16 8> <2 17 9> <2 18 0> <2 19 1> <2 20 6>
     <2 21 8> <2 22 11> <2 23 5> <2 24 4> <2 25 8> <2 26 5>
     <2 27 8> <2 28 5> <2 29 11> <2 30 9> <2 31 2> <2 32 2>
     <2 33 4> <2 34 7> <2 35 8> <2 36 1> <2 37 7> <2 38 6>
     <2 39 3> <2 40 5> <3 0 5> <3 1 5> <3 2 8> <3 3 0>
     <3 4 6> <3 5 4> <3 6 1> <3 7 4> <3 8 7> <3 9 9>
     <3 10 5> <3 11 8> <3 12 5> <3 13 2> <3 14 6> <3 15 9>
     <3 16 8> <3 17 8> <3 18 8> <3 19 8> <3 20 10> <3 21 11>
     <3 22 7> <3 23 3> <3 24 4> <3 25 1> <3 26 3> <3 27 3>
     <3 28 6> <3 29 7> <3 30 6> <3 31 6> <3 32 6> <3 33 4>
     <3 34 4> <3 35 1> <3 36 7> <3 37 10> <3 38 4> <3 39 5>
     <3 40 9> <4 0 6> <4 1 8> <4 2 2> <4 3 6> <4 4 0>
     <4 5 2> <4 6 5> <4 7 2> <4 8 7> <4 9 8> <4 10 3>
     <4 11 3> <4 12 7> <4 13 7> <4 14 7> <4 15 4> <4 16 8>
     <4 17 9> <4 18 2> <4 19 2> <4 20 7> <4 21 9> <4 22 10>
     <4 23 3> <4 24 3> <4 25 6> <4 26 3> <4 27 6> <4 28 5>
     <4 29 10> <4 30 9> <4 31 1> <4 32 0> <4 33 4> <4 34 6>
     <4 35 6> <4 36 1> <4 37 8> <4 38 5> <4 39 1> <4 40 6>
     <5 0 5> <5 1 7> <5 2 4> <5 3 4> <5 4 2> <5 5 0>
     <5 6 3> <5 7 0> <5 8 7> <5 9 8> <5 10 3> <5 11 4>
     <5 12 6> <5 13 5> <5 14 6> <5 15 6> <5 16 8> <5 17 8>
     <5 18 4> <5 19 4> <5 20 8> <5 21 10> <5 22 9> <5 23 1>
     <5 24 2> <5 25 4> <5 26 1> <5 27 5> <5 28 5> <5 29 9>
     <5 30 8> <5 31 2> <5 32 2> <5 33 3> <5 34 5> <5 35 4>
     <5 36 3> <5 37 9> <5 38 4> <5 39 1> <5 40 7> <6 0 5>
     <6 1 6> <6 2 7> <6 3 1> <6 4 5> <6 5 3> <6 6 0>
     <6 7 3> <6 8 8> <6 9 9> <6 10 5> <6 11 7> <6 12 6>
     <6 13 3> <6 14 6> <6 15 8> <6 16 9> <6 17 8> <6 18 7>
     <6 19 7> <6 20 10> <6 21 11> <6 22 8> <6 23 2>
     <6 24 4> <6 25 2> <6 26 2> <6 27 4> <6 28 6> <6 29 8>
     <6 30 7> <6 31 5> <6 32 5> <6 33 4> <6 34 5> <6 35 1>
     <6 36 6> <6 37 10> <6 38 4> <6 39 4> <6 40 8> <7 0 5>
     <7 1 7> <7 2 4> <7 3 4> <7 4 2> <7 5 0> <7 6 3>
     <7 7 0> <7 8 7> <7 9 8> <7 10 3> <7 11 4> <7 12 6>
     <7 13 5> <7 14 6> <7 15 6> <7 16 8> <7 17 8> <7 18 4>
     <7 19 4> <7 20 8> <7 21 10> <7 22 9> <7 23 1> <7 24 2>
     <7 25 4> <7 26 1> <7 27 5> <7 28 5> <7 29 9> <7 30 8>
     <7 31 2> <7 32 2> <7 33 3> <7 34 5> <7 35 4> <7 36 3>
     <7 37 9> <7 38 4> <7 39 1> <7 40 7> <8 0 2> <8 1 3>
     <8 2 7> <8 3 7> <8 4 7> <8 5 7> <8 6 8> <8 7 7>
     <8 8 0> <8 9 2> <8 10 4> <8 11 6> <8 12 2> <8 13 6>
     <8 14 1> <8 15 5> <8 16 1> <8 17 1> <8 18 7> <8 19 8>
     <8 20 4> <8 21 4> <8 22 4> <8 23 6> <8 24 5> <8 25 6>
     <8 26 6> <8 27 4> <8 28 2> <8 29 4> <8 30 3> <8 31 6>
     <8 32 7> <8 33 4> <8 34 3> <8 35 8> <8 36 7> <8 37 3>
     <8 38 3> <8 39 6> <8 40 3> <9 0 4> <9 1 5> <9 2 7>
     <9 3 9> <9 4 8> <9 5 8> <9 6 9> <9 7 8> <9 8 2>
     <9 9 0> <9 10 5> <9 11 6> <9 12 4> <9 13 8> <9 14 4>
     <9 15 4> <9 16 2> <9 17 3> <9 18 7> <9 19 8> <9 20 2>
     <9 21 2> <9 22 6> <9 23 8> <9 24 6> <9 25 8> <9 26 8>
     <9 27 6> <9 28 3> <9 29 6> <9 30 5> <9 31 7> <9 32 8>
     <9 33 5> <9 34 5> <9 35 10> <9 36 7> <9 37 1> <9 38 5>
     <9 39 7> <9 40 2> <10 0 3> <10 1 5> <10 2 4> <10 3 5>
     <10 4 3> <10 5 3> <10 6 5> <10 7 3> <10 8 4> <10 9 5>
     <10 10 0> <10 11 3> <10 12 4> <10 13 5> <10 14 4>
     <10 15 3> <10 16 5> <10 17 5> <10 18 4> <10 19 4>
     <10 20 5> <10 21 7> <10 22 7> <10 23 3> <10 24 1>
     <10 25 5> <10 26 3> <10 27 4> <10 28 2> <10 29 7>
     <10 30 6> <10 31 2> <10 32 3> <10 33 1> <10 34 4>
     <10 35 6> <10 36 3> <10 37 5> <10 38 2> <10 39 2>
     <10 40 4> <11 0 6> <11 1 8> <11 2 1> <11 3 8> <11 4 3>
     <11 5 4> <11 6 7> <11 7 4> <11 8 6> <11 9 6> <11 10 3>
     <11 11 0> <11 12 7> <11 13 8> <11 14 6> <11 15 2>
     <11 16 7> <11 17 8> <11 18 1> <11 19 2> <11 20 5>
     <11 21 7> <11 22 10> <11 23 5> <11 24 4> <11 25 8>
     <11 26 5> <11 27 7> <11 28 4> <11 29 10> <11 30 9>
     <11 31 2> <11 32 3> <11 33 4> <11 34 7> <11 35 8>
     <11 36 1> <11 37 6> <11 38 5> <11 39 3> <11 40 4>
     <12 0 1> <12 1 1> <12 2 8> <12 3 5> <12 4 7> <12 5 6>
     <12 6 6> <12 7 6> <12 8 2> <12 9 4> <12 10 4> <12 11 7>
     <12 12 0> <12 13 4> <12 14 1> <12 15 6> <12 16 3>
     <12 17 2> <12 18 8> <12 19 8> <12 20 6> <12 21 7>
     <12 22 3> <12 23 5> <12 24 4> <12 25 4> <12 26 5>
     <12 27 2> <12 28 3> <12 29 3> <12 30 1> <12 31 6>
     <12 32 7> <12 33 4> <12 34 1> <12 35 6> <12 36 7>
     <12 37 5> <12 38 2> <12 39 6> <12 40 5> <13 0 4>
     <13 1 3> <13 2 8> <13 3 2> <13 4 7> <13 5 5> <13 6 3>
     <13 7 5> <13 8 6> <13 9 8> <13 10 5> <13 11 8>
     <13 12 4> <13 13 0> <13 14 4> <13 15 8> <13 16 6>
     <13 17 6> <13 18 8> <13 19 9> <13 20 9> <13 21 10>
     <13 22 5> <13 23 4> <13 24 4> <13 25 1> <13 26 4>
     <13 27 1> <13 28 5> <13 29 5> <13 30 4> <13 31 6>
     <13 32 7> <13 33 4> <13 34 3> <13 35 3> <13 36 7>
     <13 37 9> <13 38 3> <13 39 5> <13 40 8> <14 0 1>
     <14 1 2> <14 2 7> <14 3 6> <14 4 7> <14 5 6> <14 6 6>
     <14 7 6> <14 8 1> <14 9 4> <14 10 4> <14 11 6>
     <14 12 1> <14 13 4> <14 14 0> <14 15 5> <14 16 2>
     <14 17 2> <14 18 7> <14 19 8> <14 20 5> <14 21 6>
     <14 22 4> <14 23 5> <14 24 4> <14 25 5> <14 26 5>
     <14 27 3> <14 28 2> <14 29 4> <14 30 2> <14 31 6>
     <14 32 7> <14 33 3> <14 34 1> <14 35 7> <14 36 6>
     <14 37 4> <14 38 2> <14 39 5> <14 40 4> <15 0 5>
     <15 1 7> <15 2 3> <15 3 9> <15 4 4> <15 5 6> <15 6 8>
     <15 7 6> <15 8 5> <15 9 4> <15 10 3> <15 11 2>
     <15 12 6> <15 13 8> <15 14 5> <15 15 0> <15 16 6>
     <15 17 6> <15 18 3> <15 19 4> <15 20 3> <15 21 5>
     <15 22 9> <15 23 6> <15 24 4> <15 25 8> <15 26 6>
     <15 27 7> <15 28 3> <15 29 9> <15 30 8> <15 31 4>
     <15 32 4> <15 33 4> <15 34 6> <15 35 9> <15 36 3>
     <15 37 4> <15 38 5> <15 39 4> <15 40 2> <16 0 3>
     <16 1 4> <16 2 8> <16 3 8> <16 4 8> <16 5 8> <16 6 9>
     <16 7 8> <16 8 1> <16 9 2> <16 10 5> <16 11 7>
     <16 12 3> <16 13 6> <16 14 2> <16 15 6> <16 16 0>
     <16 17 1> <16 18 8> <16 19 9> <16 20 4> <16 21 4>
     <16 22 4> <16 23 7> <16 24 6> <16 25 7> <16 26 7>
     <16 27 5> <16 28 3> <16 29 4> <16 30 3> <16 31 7>
     <16 32 8> <16 33 5> <16 34 4> <16 35 9> <16 36 8>
     <16 37 3> <16 38 4> <16 39 7> <16 40 4> <17 0 3>
     <17 1 3> <17 2 9> <17 3 8> <17 4 9> <17 5 8> <17 6 8>
     <17 7 8> <17 8 1> <17 9 3> <17 10 5> <17 11 8>
     <17 12 2> <17 13 6> <17 14 2> <17 15 6> <17 16 1>
     <17 17 0> <17 18 9> <17 19 9> <17 20 5> <17 21 5>
     <17 22 3> <17 23 7> <17 24 6> <17 25 7> <17 26 7>
     <17 27 4> <17 28 4> <17 29 3> <17 30 2> <17 31 8>
     <17 32 9> <17 33 5> <17 34 3> <17 35 9> <17 36 8>
     <17 37 4> <17 38 4> <17 39 7> <17 40 4> <18 0 6>
     <18 1 9> <18 2 0> <18 3 8> <18 4 2> <18 5 4> <18 6 7>
     <18 7 4> <18 8 7> <18 9 7> <18 10 4> <18 11 1>
     <18 12 8> <18 13 8> <18 14 7> <18 15 3> <18 16 8>
     <18 17 9> <18 18 0> <18 19 1> <18 20 6> <18 21 8>
     <18 22 11> <18 23 5> <18 24 4> <18 25 8> <18 26 5>
     <18 27 8> <18 28 5> <18 29 11> <18 30 9> <18 31 2>
     <18 32 2> <18 33 4> <18 34 7> <18 35 8> <18 36 1>
     <18 37 7> <18 38 6> <18 39 3> <18 40 5> <19 0 7>
     <19 1 9> <19 2 1> <19 3 8> <19 4 2> <19 5 4> <19 6 7>
     <19 7 4> <19 8 8> <19 9 8> <19 10 4> <19 11 2>
     <19 12 8> <19 13 9> <19 14 8> <19 15 4> <19 16 9>
     <19 17 9> <19 18 1> <19 19 0> <19 20 7> <19 21 9>
     <19 22 11> <19 23 5> <19 24 4> <19 25 8> <19 26 5>
     <19 27 8> <19 28 6> <19 29 11> <19 30 10> <19 31 2>
     <19 32 2> <19 33 5> <19 34 8> <19 35 8> <19 36 1>
     <19 37 8> <19 38 6> <19 39 3> <19 40 6> <20 0 5>
     <20 1 7> <20 2 6> <20 3 10> <20 4 7> <20 5 8> <20 6 10>
     <20 7 8> <20 8 4> <20 9 2> <20 10 5> <20 11 5>
     <20 12 6> <20 13 9> <20 14 5> <20 15 3> <20 16 4>
     <20 17 5> <20 18 6> <20 19 7> <20 20 0> <20 21 2>
     <20 22 8> <20 23 8> <20 24 6> <20 25 9> <20 26 8>
     <20 27 8> <20 28 4> <20 29 8> <20 30 7> <20 31 6>
     <20 32 7> <20 33 6> <20 34 6> <20 35 11> <20 36 6>
     <20 37 1> <20 38 6> <20 39 7> <20 40 1> <21 0 6>
     <21 1 8> <21 2 8> <21 3 11> <21 4 9> <21 5 10>
     <21 6 11> <21 7 10> <21 8 4> <21 9 2> <21 10 7>
     <21 11 7> <21 12 7> <21 13 10> <21 14 6> <21 15 5>
     <21 16 4> <21 17 5> <21 18 8> <21 19 9> <21 20 2>
     <21 21 0> <21 22 8> <21 23 9> <21 24 8> <21 25 11>
     <21 26 9> <21 27 9> <21 28 5> <21 29 8> <21 30 7>
     <21 31 8> <21 32 9> <21 33 7> <21 34 7> <21 35 12>
     <21 36 8> <21 37 1> <21 38 7> <21 39 9> <21 40 3>
     <22 0 4> <22 1 2> <22 2 11> <22 3 7> <22 4 10>
     <22 5 9> <22 6 8> <22 7 9> <22 8 4> <22 9 6> <22 10 7>
     <22 11 10> <22 12 3> <22 13 5> <22 14 4> <22 15 9>
     <22 16 4> <22 17 3> <22 18 11> <22 19 11> <22 20 8>
     <22 21 8> <22 22 0> <22 23 8> <22 24 7> <22 25 6>
     <22 26 8> <22 27 4> <22 28 6> <22 29 0> <22 30 1>
     <22 31 9> <22 32 10> <22 33 6> <22 34 4> <22 35 8>
     <22 36 10> <22 37 7> <22 38 5> <22 39 9> <22 40 7>
     <23 0 4> <23 1 5> <23 2 5> <23 3 3> <23 4 3> <23 5 1>
     <23 6 2> <23 7 1> <23 8 6> <23 9 8> <23 10 3> <23 11 5>
     <23 12 5> <23 13 4> <23 14 5> <23 15 6> <23 16 7>
     <23 17 7> <23 18 5> <23 19 5> <23 20 8> <23 21 9>
     <23 22 8> <23 23 0> <23 24 1> <23 25 3> <23 26 0>
     <23 27 4> <23 28 4> <23 29 8> <23 30 6> <23 31 3>
     <23 32 3> <23 33 2> <23 34 4> <23 35 3> <23 36 4>
     <23 37 8> <23 38 3> <23 39 2> <23 40 6> <24 0 3>
     <24 1 5> <24 2 4> <24 3 4> <24 4 3> <24 5 2> <24 6 4>
     <24 7 2> <24 8 5> <24 9 6> <24 10 1> <24 11 4>
     <24 12 4> <24 13 4> <24 14 4> <24 15 4> <24 16 6>
     <24 17 6> <24 18 4> <24 19 4> <24 20 6> <24 21 8>
     <24 22 7> <24 23 1> <24 24 0> <24 25 4> <24 26 1>
     <24 27 4> <24 28 3> <24 29 7> <24 30 6> <24 31 2>
     <24 32 3> <24 33 1> <24 34 4> <24 35 4> <24 36 3>
     <24 37 7> <24 38 2> <24 39 1> <24 40 5> <25 0 4>
     <25 1 4> <25 2 8> <25 3 1> <25 4 6> <25 5 4> <25 6 2>
     <25 7 4> <25 8 6> <25 9 8> <25 10 5> <25 11 8>
     <25 12 4> <25 13 1> <25 14 5> <25 15 8> <25 16 7>
     <25 17 7> <25 18 8> <25 19 8> <25 20 9> <25 21 11>
     <25 22 6> <25 23 3> <25 24 4> <25 25 0> <25 26 3>
     <25 27 2> <25 28 6> <25 29 6> <25 30 5> <25 31 6>
     <25 32 6> <25 33 4> <25 34 4> <25 35 2> <25 36 7>
     <25 37 9> <25 38 4> <25 39 5> <25 40 8> <26 0 4>
     <26 1 5> <26 2 5> <26 3 3> <26 4 3> <26 5 1> <26 6 2>
     <26 7 1> <26 8 6> <26 9 8> <26 10 3> <26 11 5>
     <26 12 5> <26 13 4> <26 14 5> <26 15 6> <26 16 7>
     <26 17 7> <26 18 5> <26 19 5> <26 20 8> <26 21 9>
     <26 22 8> <26 23 0> <26 24 1> <26 25 3> <26 26 0>
     <26 27 4> <26 28 4> <26 29 8> <26 30 6> <26 31 3>
     <26 32 3> <26 33 2> <26 34 4> <26 35 3> <26 36 4>
     <26 37 8> <26 38 3> <26 39 2> <26 40 6> <27 0 2>
     <27 1 2> <27 2 8> <27 3 3> <27 4 6> <27 5 5> <27 6 4>
     <27 7 5> <27 8 4> <27 9 6> <27 10 4> <27 11 7>
     <27 12 2> <27 13 1> <27 14 3> <27 15 7> <27 16 5>
     <27 17 4> <27 18 8> <27 19 8> <27 20 8> <27 21 9>
     <27 22 4> <27 23 4> <27 24 4> <27 25 2> <27 26 4>
     <27 27 0> <27 28 4> <27 29 4> <27 30 3> <27 31 6>
     <27 32 6> <27 33 3> <27 34 1> <27 35 4> <27 36 7>
     <27 37 7> <27 38 2> <27 39 5> <27 40 6> <28 0 2>
     <28 1 4> <28 2 5> <28 3 6> <28 4 5> <28 5 5> <28 6 6>
     <28 7 5> <28 8 2> <28 9 3> <28 10 2> <28 11 4>
     <28 12 3> <28 13 5> <28 14 2> <28 15 3> <28 16 3>
     <28 17 4> <28 18 5> <28 19 6> <28 20 4> <28 21 5>
     <28 22 6> <28 23 4> <28 24 3> <28 25 6> <28 26 4>
     <28 27 4> <28 28 0> <28 29 6> <28 30 4> <28 31 4>
     <28 32 5> <28 33 2> <28 34 3> <28 35 7> <28 36 4>
     <28 37 4> <28 38 2> <28 39 4> <28 40 2> <29 0 4>
     <29 1 2> <29 2 11> <29 3 7> <29 4 10> <29 5 9>
     <29 6 8> <29 7 9> <29 8 4> <29 9 6> <29 10 7> <29 11 10>
     <29 12 3> <29 13 5> <29 14 4> <29 15 9> <29 16 4>
     <29 17 3> <29 18 11> <29 19 11> <29 20 8> <29 21 8>
     <29 22 0> <29 23 8> <29 24 7> <29 25 6> <29 26 8>
     <29 27 4> <29 28 6> <29 29 0> <29 30 1> <29 31 9>
     <29 32 10> <29 33 6> <29 34 4> <29 35 8> <29 36 10>
     <29 37 7> <29 38 5> <29 39 9> <29 40 7> <30 0 3>
     <30 1 1> <30 2 9> <30 3 6> <30 4 9> <30 5 8> <30 6 7>
     <30 7 8> <30 8 3> <30 9 5> <30 10 6> <30 11 9>
     <30 12 1> <30 13 4> <30 14 2> <30 15 8> <30 16 3>
     <30 17 2> <30 18 9> <30 19 10> <30 20 7> <30 21 7>
     <30 22 1> <30 23 6> <30 24 6> <30 25 5> <30 26 6>
     <30 27 3> <30 28 4> <30 29 1> <30 30 0> <30 31 8>
     <30 32 9> <30 33 5> <30 34 2> <30 35 7> <30 36 8>
     <30 37 6> <30 38 4> <30 39 7> <30 40 6> <31 0 5>
     <31 1 7> <31 2 2> <31 3 6> <31 4 1> <31 5 2> <31 6 5>
     <31 7 2> <31 8 6> <31 9 7> <31 10 2> <31 11 2>
     <31 12 6> <31 13 6> <31 14 6> <31 15 4> <31 16 7>
     <31 17 8> <31 18 2> <31 19 2> <31 20 6> <31 21 8>
     <31 22 9> <31 23 3> <31 24 2> <31 25 6> <31 26 3>
     <31 27 6> <31 28 4> <31 29 9> <31 30 8> <31 31 0>
     <31 32 1> <31 33 3> <31 34 6> <31 35 6> <31 36 1>
     <31 37 7> <31 38 4> <31 39 1> <31 40 5> <32 0 6>
     <32 1 8> <32 2 2> <32 3 6> <32 4 0> <32 5 2> <32 6 5>
     <32 7 2> <32 8 7> <32 9 8> <32 10 3> <32 11 3>
     <32 12 7> <32 13 7> <32 14 7> <32 15 4> <32 16 8>
     <32 17 9> <32 18 2> <32 19 2> <32 20 7> <32 21 9>
     <32 22 10> <32 23 3> <32 24 3> <32 25 6> <32 26 3>
     <32 27 6> <32 28 5> <32 29 10> <32 30 9> <32 31 1>
     <32 32 0> <32 33 4> <32 34 6> <32 35 6> <32 36 1>
     <32 37 8> <32 38 5> <32 39 1> <32 40 6> <33 0 2>
     <33 1 4> <33 2 4> <33 3 4> <33 4 4> <33 5 3> <33 6 4>
     <33 7 3> <33 8 4> <33 9 5> <33 10 1> <33 11 4>
     <33 12 4> <33 13 4> <33 14 3> <33 15 4> <33 16 5>
     <33 17 5> <33 18 4> <33 19 5> <33 20 6> <33 21 7>
     <33 22 6> <33 23 2> <33 24 1> <33 25 4> <33 26 2>
     <33 27 3> <33 28 2> <33 29 6> <33 30 5> <33 31 3>
     <33 32 4> <33 33 0> <33 34 3> <33 35 5> <33 36 4>
     <33 37 6> <33 38 1> <33 39 2> <33 40 4> <34 0 1>
     <34 1 1> <34 2 7> <34 3 4> <34 4 6> <34 5 5> <34 6 5>
     <34 7 5> <34 8 3> <34 9 5> <34 10 4> <34 11 7>
     <34 12 1> <34 13 3> <34 14 1> <34 15 6> <34 16 4>
     <34 17 3> <34 18 7> <34 19 8> <34 20 6> <34 21 7>
     <34 22 4> <34 23 4> <34 24 4> <34 25 4> <34 26 4>
     <34 27 1> <34 28 3> <34 29 4> <34 30 2> <34 31 6>
     <34 32 6> <34 33 3> <34 34 0> <34 35 5> <34 36 6>
     <34 37 6> <34 38 1> <34 39 5> <34 40 5> <35 0 6>
     <35 1 6> <35 2 8> <35 3 1> <35 4 6> <35 5 4> <35 6 1>
     <35 7 4> <35 8 8> <35 9 10> <35 10 6> <35 11 8>
     <35 12 6> <35 13 3> <35 14 7> <35 15 9> <35 16 9>
     <35 17 9> <35 18 8> <35 19 8> <35 20 11> <35 21 12>
     <35 22 8> <35 23 3> <35 24 4> <35 25 2> <35 26 3>
     <35 27 4> <35 28 7> <35 29 8> <35 30 7> <35 31 6>
     <35 32 6> <35 33 5> <35 34 5> <35 35 0> <35 36 7>
     <35 37 11> <35 38 5> <35 39 5> <35 40 9> <36 0 6>
     <36 1 8> <36 2 1> <36 3 7> <36 4 1> <36 5 3> <36 6 6>
     <36 7 3> <36 8 7> <36 9 7> <36 10 3> <36 11 1>
     <36 12 7> <36 13 7> <36 14 6> <36 15 3> <36 16 8>
     <36 17 8> <36 18 1> <36 19 1> <36 20 6> <36 21 8>
     <36 22 10> <36 23 4> <36 24 3> <36 25 7> <36 26 4>
     <36 27 7> <36 28 4> <36 29 10> <36 30 8> <36 31 1>
     <36 32 1> <36 33 4> <36 34 6> <36 35 7> <36 36 0>
     <36 37 7> <36 38 5> <36 39 2> <36 40 5> <37 0 5>
     <37 1 6> <37 2 7> <37 3 10> <37 4 8> <37 5 9> <37 6 10>
     <37 7 9> <37 8 3> <37 9 1> <37 10 5> <37 11 6>
     <37 12 5> <37 13 9> <37 14 4> <37 15 4> <37 16 3>
     <37 17 4> <37 18 7> <37 19 8> <37 20 1> <37 21 1>
     <37 22 7> <37 23 8> <37 24 7> <37 25 9> <37 26 8>
     <37 27 7> <37 28 4> <37 29 7> <37 30 6> <37 31 7>
     <37 32 8> <37 33 6> <37 34 6> <37 35 11> <37 36 7>
     <37 37 0> <37 38 6> <37 39 7> <37 40 2> <38 0 1>
     <38 1 3> <38 2 6> <38 3 4> <38 4 5> <38 5 4> <38 6 4>
     <38 7 4> <38 8 3> <38 9 5> <38 10 2> <38 11 5>
     <38 12 2> <38 13 3> <38 14 2> <38 15 5> <38 16 4>
     <38 17 4> <38 18 6> <38 19 6> <38 20 6> <38 21 7>
     <38 22 5> <38 23 3> <38 24 2> <38 25 4> <38 26 3>
     <38 27 2> <38 28 2> <38 29 5> <38 30 4> <38 31 4>
     <38 32 5> <38 33 1> <38 34 1> <38 35 5> <38 36 5>
     <38 37 6> <38 38 0> <38 39 4> <38 40 4> <39 0 4>
     <39 1 6> <39 2 3> <39 3 5> <39 4 1> <39 5 1> <39 6 4>
     <39 7 1> <39 8 6> <39 9 7> <39 10 2> <39 11 3>
     <39 12 6> <39 13 5> <39 14 5> <39 15 4> <39 16 7>
     <39 17 7> <39 18 3> <39 19 3> <39 20 7> <39 21 9>
     <39 22 9> <39 23 2> <39 24 1> <39 25 5> <39 26 2>
     <39 27 5> <39 28 4> <39 29 9> <39 30 7> <39 31 1>
     <39 32 1> <39 33 2> <39 34 5> <39 35 5> <39 36 2>
     <39 37 7> <39 38 4> <39 39 0> <39 40 5> <40 0 4>
     <40 1 6> <40 2 5> <40 3 9> <40 4 6> <40 5 7> <40 6 8>
     <40 7 7> <40 8 3> <40 9 2> <40 10 4> <40 11 4>
     <40 12 5> <40 13 8> <40 14 4> <40 15 2> <40 16 4>
     <40 17 4> <40 18 5> <40 19 6> <40 20 1> <40 21 3>
     <40 22 7> <40 23 6> <40 24 5> <40 25 8> <40 26 6>
     <40 27 6> <40 28 2> <40 29 7> <40 30 6> <40 31 5>
     <40 32 6> <40 33 4> <40 34 5> <40 35 9> <40 36 5>
     <40 37 2> <40 38 4> <40 39 5> <40 40 0>};
Nodes =  {<0 5 5> <1 6 7> <2 1 0> <3 1 8> <4 0 2> <5 0 4> <6 0 7>
     <7 0 4> <8 7 4> <9 8 2> <10 3 3> <11 2 0> <12 6 6>
     <13 3 8> <14 6 5> <15 4 0> <16 8 4> <17 8 5> <18 1 0>
     <19 0 0> <20 7 0> <21 9 0> <22 8 8> <23 1 5> <24 2 4>
     <25 2 8> <26 1 5> <27 4 7> <28 5 3> <29 8 8> <30 7 7>
     <31 1 2> <32 0 2> <33 3 4> <34 5 6> <35 0 8> <36 1 1>
     <37 8 1> <38 4 5> <39 1 3> <40 6 1>};
